#energy
#density, Elin, dElin, Eip, dEip #All ip calculations were optimized with ip correlations
#alpha energy 4*E2n2p
0.00025  -27.43   0.07  -27.40   0.05
0.0005   -27.13   0.07  -27.36   0.15
0.00075  -27.54   0.12  -27.04   0.14
0.001    -27.4    0.2   -27.21   0.12
0.0015   -27.1    0.2   -27.3    0.2
0.002    -27.2    0.3   -27.3    0.2
0.0025   -26.1    0.3   -26.8    0.2
0.003    -26.2    0.5   -27.6    0.4
0.004    -25.6    0.6   -26.8    0.7
0.005    -27.3    1.0   -29.2    1.3
0.007    -27.9    1.4   -26      2
0.01     -33      3     -30      30
