#vst
#density, Elin, dElin, Eip, dEip #All ip calculations were optimized with ip correlations
#alpha energy 4*E2n2p
0.00025  -59.7    0.5   -60.5    0.4
0.0005   -54.7    0.4   -57.1    0.7
0.00075  -53.6    0.5   -53.9    0.6
0.001    -51.7    0.5   -52.0    0.5
0.0015   -46.2    0.5   -46.9    0.6
0.002    -41.6    1.1   -42.3    0.4
0.0025   -36.7    0.7   -37.9    0.5
0.003    -34.03   0.10  -37.4    0.7
0.004    -28.20   0.11  -30.5    0.9
0.005    -26.64   0.10  -28.66   0.10
0.007    -24.15   0.12  -23.4    0.7
0.01     -23.9    0.5   -25.64   0.08
