#tent
#density, Elin, dElin, Eip, dEip #All ip calculations were optimized with ip correlations
#alpha energy 4*E2n2p
0.00025  -67.4    0.5   -70.5    0.4
0.0005   -62.1    0.4   -67.3    0.8
0.00075  -61.3    0.5   -63.9    0.6
0.001    -59.4    0.5   -61.9    0.5
0.0015   -53.3    0.5   -56.0    0.5
0.002    -48.5    0.9   -50.9    0.4
0.0025   -43.1    0.7   -45.8    0.5
0.003    -39.77   0.11  -44.2    0.7
0.004    -32.79   0.13  -36.0    0.9
0.005    -31.02   0.11  -33.95   0.12
0.007    -28.03   0.14  -26.6    0.8
0.01     -25.4    0.5   -27.85   0.09
