  0.5500000E+00 -0.3174642E+01  0.4086152E+01 -0.3174642E+01  0.0000000E+00
  0.5510000E+00 -0.7531970E+01  0.1556253E+00 -0.5353306E+01  0.1540548E+01
  0.5520000E+00 -0.8446373E+01  0.6725464E+00 -0.6384328E+01  0.1327956E+01
  0.5530000E+00 -0.7438532E+01  0.1470701E+00 -0.6647879E+01  0.1021785E+01
  0.5540000E+00 -0.7468159E+01  0.2283425E+00 -0.6811935E+01  0.8304937E+00
  0.5550000E+00 -0.7432109E+01  0.1516015E+00 -0.6915298E+01  0.6984807E+00
  0.5560000E+00 -0.2779464E+02  0.2055187E+02 -0.9898061E+01  0.2825656E+01
  0.5570000E+00  0.2873654E+02  0.3615785E+02 -0.5068735E+01  0.5149766E+01
  0.5580000E+00 -0.7204252E+01  0.1599571E+00 -0.5306015E+01  0.4583033E+01
  0.5590000E+00 -0.1641865E+02  0.9690531E+01 -0.6417279E+01  0.4257324E+01
  0.5600000E+00 -0.3939083E+02  0.2740429E+02 -0.9414875E+01  0.4811226E+01
  0.5610000E+00 -0.7516494E+01  0.1692079E+00 -0.9256676E+01  0.4412890E+01
  0.5620000E+00 -0.7667677E+01  0.2401838E+00 -0.9134446E+01  0.4075130E+01
  0.5630000E+00 -0.7429412E+01  0.1568055E+00 -0.9012657E+01  0.3785868E+01
  0.5640000E+00 -0.7310931E+01  0.1508133E+00 -0.8899209E+01  0.3535177E+01
  0.5650000E+00 -0.8422362E+01  0.9324038E+00 -0.8869406E+01  0.3314354E+01
  0.5660000E+00 -0.7775383E+01  0.1891908E+00 -0.8805052E+01  0.3120016E+01
  0.5670000E+00 -0.1218328E+02  0.4687724E+01 -0.8992731E+01  0.2952322E+01
  0.5680000E+00 -0.3883943E+01  0.3334948E+01 -0.8723848E+01  0.2809154E+01
  0.5690000E+00  0.1548310E+02  0.2229418E+02 -0.7513500E+01  0.2917813E+01
  0.5700000E+00  0.2128401E+02  0.2844771E+02 -0.6142190E+01  0.3084325E+01
  0.5710000E+00 -0.1093376E+02  0.3732483E+01 -0.6359989E+01  0.2951808E+01
  0.5720000E+00 -0.7313083E+01  0.1715805E+00 -0.6401427E+01  0.2823760E+01
  0.5730000E+00 -0.7374392E+01  0.1607748E+00 -0.6441968E+01  0.2706394E+01
  0.5740000E+00 -0.7572201E+01  0.2268793E+00 -0.6487177E+01  0.2598516E+01
  0.5750000E+00 -0.5564984E+01  0.1771384E+01 -0.6451708E+01  0.2498815E+01
  0.5760000E+00 -0.7341740E+01  0.1469704E+00 -0.6484672E+01  0.2406484E+01
  0.5770000E+00 -0.7045768E+01  0.1404000E+00 -0.6504711E+01  0.2320621E+01
  0.5780000E+00 -0.7024378E+01  0.1392510E+00 -0.6522631E+01  0.2240669E+01
  0.5790000E+00 -0.5259576E+01  0.1862608E+01 -0.6480529E+01  0.2166376E+01
  0.5800000E+00 -0.7076925E+01  0.1465716E+00 -0.6499768E+01  0.2096578E+01
  0.5810000E+00 -0.7129941E+01  0.1442261E+00 -0.6519460E+01  0.2031152E+01
  0.5820000E+00 -0.5249610E+01  0.1987817E+01 -0.6480980E+01  0.1969967E+01
  0.5830000E+00 -0.8037181E+00  0.6329958E+01 -0.6314002E+01  0.1919090E+01
  0.5840000E+00 -0.7286763E+01  0.1582608E+00 -0.6341795E+01  0.1864460E+01
  0.5850000E+00 -0.6976417E+01  0.1477218E+00 -0.6359423E+01  0.1812753E+01
  0.5860000E+00 -0.7007567E+01  0.1675509E+00 -0.6376941E+01  0.1763844E+01
  0.5870000E+00 -0.7119681E+01  0.1511801E+00 -0.6396487E+01  0.1717536E+01
  0.5880000E+00  0.1568616E+02  0.2264210E+02 -0.5830265E+01  0.1764363E+01
  0.5890000E+00 -0.7130536E+01  0.1611367E+00 -0.5862772E+01  0.1720553E+01
  0.5900000E+00 -0.1117791E+02  0.4001529E+01 -0.5992409E+01  0.1683465E+01
  0.5910000E+00 -0.6895224E+01  0.1794760E+00 -0.6013905E+01  0.1643520E+01
  0.5920000E+00 -0.7228955E+01  0.1524715E+00 -0.6042162E+01  0.1605541E+01
  0.5930000E+00 -0.1741521E+02  0.2596243E+02 -0.6300640E+01  0.1589722E+01
  0.5940000E+00 -0.6899789E+01  0.1482233E+00 -0.6313955E+01  0.1554451E+01
  0.5950000E+00 -0.6743432E+01  0.3496955E+00 -0.6323291E+01  0.1520686E+01
  0.5960000E+00 -0.7080732E+01  0.1465396E+00 -0.6339407E+01  0.1488417E+01
  0.5970000E+00 -0.7324293E+01  0.1493057E+00 -0.6359925E+01  0.1457549E+01
  0.5980000E+00 -0.7303020E+01  0.1611665E+00 -0.6379172E+01  0.1427931E+01
  0.5990000E+00 -0.7035136E+01  0.3439141E+00 -0.6392291E+01  0.1399432E+01
  0.6000000E+00 -0.7568298E+01  0.1560483E+00 -0.6415350E+01  0.1372182E+01
  0.6010000E+00 -0.2737530E+01  0.4757597E+01 -0.6344623E+01  0.1347616E+01
  0.6020000E+00 -0.7261338E+01  0.1743854E+00 -0.6361920E+01  0.1322300E+01
  0.6030000E+00 -0.7209775E+01  0.1399945E+00 -0.6377621E+01  0.1297906E+01
  0.6040000E+00  0.1124861E+02  0.1934082E+02 -0.6057144E+01  0.1313278E+01
  0.6050000E+00 -0.7490020E+01  0.1647421E+00 -0.6082731E+01  0.1290076E+01
  0.6060000E+00 -0.7332680E+01  0.1570725E+00 -0.6104660E+01  0.1267629E+01
  0.6070000E+00 -0.7436024E+01  0.1713787E+00 -0.6127614E+01  0.1245981E+01
  0.6080000E+00 -0.8064510E+01  0.6547413E+00 -0.6160443E+01  0.1225295E+01
  0.6090000E+00 -0.7565825E+01  0.1696505E+00 -0.6183866E+01  0.1205098E+01
  0.6100000E+00 -0.7512651E+01  0.1577126E+00 -0.6205649E+01  0.1185539E+01
  0.6110000E+00 -0.7599996E+01  0.1697425E+00 -0.6228139E+01  0.1166631E+01
  0.6120000E+00 -0.7457964E+01  0.1513555E+00 -0.6247660E+01  0.1148276E+01
  0.6130000E+00 -0.7769571E+01  0.4663223E+00 -0.6271440E+01  0.1130580E+01
  0.6140000E+00 -0.7285121E+01  0.1403136E+00 -0.6287035E+01  0.1113294E+01
  0.6150000E+00 -0.7401973E+01  0.1526810E+00 -0.6303928E+01  0.1096554E+01
  0.6160000E+00 -0.7066271E+01  0.1463039E+00 -0.6315306E+01  0.1080247E+01
  0.6170000E+00 -0.6710702E+01  0.3058965E+00 -0.6321121E+01  0.1064377E+01
  0.6180000E+00 -0.7319275E+01  0.1618738E+00 -0.6335587E+01  0.1049049E+01
  0.6190000E+00 -0.7247965E+01  0.1491135E+00 -0.6348621E+01  0.1034144E+01
  0.6200000E+00 -0.7130088E+01  0.1444286E+00 -0.6359627E+01  0.1019637E+01
  0.6210000E+00 -0.7084730E+01  0.1389192E+00 -0.6369698E+01  0.1005525E+01
  0.6220000E+00 -0.7144369E+01  0.1360028E+00 -0.6380310E+01  0.9918066E+00
  0.6230000E+00 -0.7129440E+01  0.1372214E+00 -0.6390433E+01  0.9784555E+00
  0.6240000E+00 -0.3793073E-01  0.7372306E+01 -0.6305733E+01  0.9690685E+00
  0.6250000E+00 -0.7547518E+01  0.2682917E+00 -0.6322073E+01  0.9564554E+00
  0.6260000E+00 -0.7362981E+01  0.1635265E+00 -0.6335591E+01  0.9441294E+00
  0.6270000E+00 -0.3276784E+02  0.2355950E+02 -0.6674466E+01  0.9909768E+00
  0.6280000E+00 -0.7288761E+01  0.1425375E+00 -0.6682242E+01  0.9784632E+00
  0.6290000E+00 -0.2178752E+02  0.1456431E+02 -0.6871058E+01  0.9842820E+00
  0.6300000E+00 -0.7185036E+01  0.1460770E+00 -0.6874934E+01  0.9721380E+00
  0.6310000E+00 -0.7380860E+01  0.1551919E+00 -0.6881104E+01  0.9603022E+00
  0.6320000E+00 -0.7421151E+01  0.1606793E+00 -0.6887611E+01  0.9487543E+00
  0.6330000E+00 -0.7267418E+01  0.1556670E+00 -0.6892132E+01  0.9374704E+00
  0.6340000E+00 -0.7078158E+01  0.2460341E+00 -0.6894321E+01  0.9264439E+00
  0.6350000E+00 -0.7242440E+01  0.1685976E+00 -0.6898368E+01  0.9156802E+00
  0.6360000E+00 -0.7483332E+01  0.1533728E+00 -0.6905092E+01  0.9051798E+00
  0.6370000E+00 -0.7356293E+01  0.1492125E+00 -0.6910219E+01  0.8949082E+00
  0.6380000E+00 -0.7261236E+01  0.1443682E+00 -0.6914163E+01  0.8848617E+00
  0.6390000E+00 -0.1035236E+02  0.2708088E+01 -0.6952366E+01  0.8758542E+00
  0.6400000E+00 -0.4401563E+01  0.2690611E+01 -0.6924335E+01  0.8666778E+00
  0.6410000E+00 -0.1416933E+02  0.6881476E+01 -0.7003085E+01  0.8608278E+00
  0.6420000E+00 -0.7303637E+01  0.1463702E+00 -0.7006316E+01  0.8515776E+00
  0.6430000E+00 -0.7460661E+01  0.1639721E+00 -0.7011150E+01  0.8425320E+00
  0.6440000E+00 -0.7367947E+01  0.1633109E+00 -0.7014906E+01  0.8336716E+00
  0.6450000E+00 -0.7166732E+01  0.1541788E+00 -0.7016487E+01  0.8249890E+00
  0.6460000E+00 -0.7088408E+01  0.1496532E+00 -0.7017229E+01  0.8164843E+00
  0.6470000E+00 -0.7186118E+01  0.1524594E+00 -0.7018952E+01  0.8081547E+00
  0.6480000E+00 -0.7177276E+01  0.1737912E+00 -0.7020551E+01  0.7999931E+00
  0.6490000E+00 -0.1251420E+02  0.3741230E+01 -0.7075488E+01  0.7938772E+00
  0.6500000E+00 -0.4641517E+01  0.2215611E+01 -0.7051389E+01  0.7863827E+00
  0.6510000E+00 -0.7038565E+01  0.1530863E+00 -0.7051263E+01  0.7786731E+00
  0.6520000E+00  0.5127161E+01  0.1211867E+02 -0.6933026E+01  0.7800383E+00
  0.6530000E+00 -0.1009646E+02  0.3098069E+01 -0.6963444E+01  0.7731308E+00
  0.6540000E+00 -0.6877447E+01  0.1382864E+00 -0.6962625E+01  0.7657681E+00
  0.6550000E+00 -0.6439403E+01  0.6484569E+00 -0.6957689E+01  0.7585597E+00
  0.6560000E+00 -0.7180025E+01  0.1449317E+00 -0.6959767E+01  0.7514732E+00
  0.6570000E+00 -0.7121026E+01  0.1790687E+00 -0.6961260E+01  0.7445166E+00
  0.6580000E+00 -0.7310299E+01  0.2253113E+00 -0.6964462E+01  0.7376931E+00
  0.6590000E+00 -0.2532673E+02  0.1816832E+02 -0.7131392E+01  0.7496358E+00
  0.6600000E+00 -0.7083601E+01  0.1440012E+00 -0.7130961E+01  0.7428825E+00
  0.6610000E+00 -0.8924900E+01  0.1129974E+01 -0.7146978E+01  0.7364223E+00
  0.6620000E+00  0.2155478E+02  0.2863904E+02 -0.6892981E+01  0.7724673E+00
  0.6630000E+00 -0.6622631E+01  0.6245185E+00 -0.6890609E+01  0.7656949E+00
  0.6640000E+00 -0.6958349E+01  0.1425512E+00 -0.6891198E+01  0.7590369E+00
  0.6650000E+00 -0.6891451E+01  0.1468464E+00 -0.6891200E+01  0.7524935E+00
  0.6660000E+00 -0.6888352E+01  0.1447087E+00 -0.6891176E+01  0.7460619E+00
  0.6670000E+00 -0.6687692E+01  0.2573556E+00 -0.6889451E+01  0.7397413E+00
  0.6680000E+00 -0.5567835E+01  0.1649620E+01 -0.6878345E+01  0.7336084E+00
  0.6690000E+00 -0.6988550E+01  0.1496796E+00 -0.6879264E+01  0.7274956E+00
  0.6700000E+00 -0.7076607E+01  0.1586976E+00 -0.6880895E+01  0.7214850E+00
  0.6710000E+00 -0.7196808E+01  0.1779763E+00 -0.6883484E+01  0.7155759E+00
  0.6720000E+00 -0.7012510E+01  0.1676194E+00 -0.6884533E+01  0.7097589E+00
  0.6730000E+00 -0.6998282E+01  0.1555336E+00 -0.6885451E+01  0.7040357E+00
  0.6740000E+00 -0.6456743E+01  0.4157568E+00 -0.6882021E+01  0.6984117E+00
  0.6750000E+00 -0.1175324E+02  0.4741523E+01 -0.6920681E+01  0.6939380E+00
  0.6760000E+00 -0.7076402E+01  0.1569911E+00 -0.6921907E+01  0.6884750E+00
  0.6770000E+00 -0.7127152E+01  0.1515758E+00 -0.6923511E+01  0.6830981E+00
  0.6780000E+00 -0.3159139E+01  0.3814561E+01 -0.6894330E+01  0.6784258E+00
  0.6790000E+00 -0.7098426E+01  0.2578675E+00 -0.6895900E+01  0.6732090E+00
  0.6800000E+00 -0.7148624E+01  0.1548602E+00 -0.6897829E+01  0.6680727E+00
  0.6810000E+00 -0.7146271E+01  0.1582683E+00 -0.6899711E+01  0.6630142E+00
  0.6820000E+00 -0.8348623E+01  0.1058160E+01 -0.6910605E+01  0.6581187E+00
  0.6830000E+00 -0.7153883E+01  0.1777273E+00 -0.6912421E+01  0.6532098E+00
  0.6840000E+00 -0.7831978E+01  0.3675911E+00 -0.6919232E+01  0.6484068E+00
  0.6850000E+00 -0.1155213E+02  0.1732405E+02 -0.6953298E+01  0.6445333E+00
  0.6860000E+00 -0.7274772E+01  0.1613266E+00 -0.6955644E+01  0.6398329E+00
  0.6870000E+00 -0.2227344E+02  0.1489367E+02 -0.7066643E+01  0.6447526E+00
  0.6880000E+00 -0.7198084E+01  0.1779990E+00 -0.7067588E+01  0.6401148E+00
  0.6890000E+00 -0.7352571E+01  0.1530442E+00 -0.7069624E+01  0.6355458E+00
  0.6900000E+00 -0.7261033E+01  0.1739762E+00 -0.7070981E+01  0.6310398E+00
  0.6910000E+00 -0.2409685E+02  0.1459509E+02 -0.7190882E+01  0.6378850E+00
  0.6920000E+00 -0.7410247E+01  0.1583443E+00 -0.7192416E+01  0.6334261E+00
  0.6930000E+00 -0.7297136E+01  0.1613754E+00 -0.7193143E+01  0.6290277E+00
  0.6940000E+00 -0.7284935E+01  0.1517334E+00 -0.7193776E+01  0.6246899E+00
  0.6950000E+00 -0.7124700E+01  0.1452388E+00 -0.7193303E+01  0.6204114E+00
  0.6960000E+00 -0.7209746E+01  0.2177216E+00 -0.7193415E+01  0.6161909E+00
  0.6970000E+00 -0.7233164E+01  0.1525668E+00 -0.7193683E+01  0.6120276E+00
  0.6980000E+00 -0.7177745E+01  0.1511988E+00 -0.7193577E+01  0.6079200E+00
  0.6990000E+00 -0.9506138E+01  0.2155041E+01 -0.7208994E+01  0.6040627E+00
  0.7000000E+00 -0.7293639E+01  0.1563053E+00 -0.7209554E+01  0.6000625E+00
  0.7010000E+00 -0.7282847E+01  0.1581451E+00 -0.7210036E+01  0.5961149E+00
  0.7020000E+00 -0.8047452E+01  0.8442229E+00 -0.7215510E+01  0.5922439E+00
  0.7030000E+00 -0.1607707E+02  0.8986383E+01 -0.7273052E+01  0.5911869E+00
  0.7040000E+00 -0.6826168E+01  0.1417219E+00 -0.7270169E+01  0.5873799E+00
  0.7050000E+00 -0.5856764E+01  0.7571734E+00 -0.7261109E+01  0.5836845E+00
  0.7060000E+00  0.5317642E+01  0.1218938E+02 -0.7180989E+01  0.5854397E+00
  0.7070000E+00 -0.6890745E+01  0.1462865E+00 -0.7179152E+01  0.5817373E+00
  0.7080000E+00 -0.8284786E+01  0.1396668E+01 -0.7186106E+01  0.5781201E+00
  0.7090000E+00 -0.9804711E+01  0.2839547E+01 -0.7202472E+01  0.5747385E+00
  0.7100000E+00 -0.6984993E+01  0.1413616E+00 -0.7201122E+01  0.5711703E+00
  0.7110000E+00 -0.6943958E+01  0.1448301E+00 -0.7199534E+01  0.5676467E+00
  0.7120000E+00 -0.6503975E+01  0.4431300E+00 -0.7195267E+01  0.5641803E+00
  0.7130000E+00  0.1318658E+02  0.1856749E+02 -0.7070987E+01  0.5742654E+00
  0.7140000E+00 -0.6959543E+01  0.1664600E+00 -0.7070312E+01  0.5707854E+00
  0.7150000E+00 -0.6809015E+01  0.1425267E+00 -0.7068738E+01  0.5673491E+00
  0.7160000E+00 -0.6606724E+01  0.2144372E+00 -0.7065971E+01  0.5639586E+00
  0.7170000E+00 -0.6894748E+01  0.1778608E+00 -0.7064952E+01  0.5606026E+00
  0.7180000E+00 -0.4856446E+01  0.1935399E+01 -0.7051884E+01  0.5574377E+00
  0.7190000E+00 -0.6677545E+01  0.1539200E+00 -0.7049682E+01  0.5541630E+00
  0.7200000E+00 -0.7923388E+01  0.1182926E+01 -0.7054791E+01  0.5509458E+00
  0.7210000E+00 -0.6587025E+01  0.1552824E+00 -0.7052072E+01  0.5477494E+00
  0.7220000E+00 -0.4230518E+01  0.2480125E+01 -0.7035762E+01  0.5448259E+00
  0.7230000E+00 -0.7668811E+01  0.9224564E+00 -0.7039401E+01  0.5417069E+00
  0.7240000E+00 -0.6778641E+01  0.1480052E+00 -0.7037910E+01  0.5386135E+00
  0.7250000E+00 -0.6743573E+01  0.1559293E+00 -0.7036238E+01  0.5355558E+00
  0.7260000E+00 -0.6350578E+01  0.4010705E+00 -0.7032364E+01  0.5325441E+00
  0.7270000E+00 -0.4836487E+01  0.2070923E+01 -0.7020028E+01  0.5296951E+00
  0.7280000E+00 -0.6865587E+01  0.1584977E+00 -0.7019165E+01  0.5267366E+00
  0.7290000E+00  0.4625836E+01  0.1156525E+02 -0.6954471E+01  0.5277683E+00
  0.7300000E+00 -0.6870509E+01  0.1609744E+00 -0.6954007E+01  0.5248526E+00
  0.7310000E+00 -0.6915757E+01  0.1877121E+00 -0.6953797E+01  0.5219689E+00
  0.7320000E+00 -0.4902041E+01  0.2081509E+01 -0.6942585E+01  0.5192370E+00
  0.7330000E+00 -0.7045306E+01  0.1607203E+00 -0.6943143E+01  0.5164153E+00
  0.7340000E+00 -0.1761730E+02  0.9159588E+01 -0.7000841E+01  0.5168371E+00
  0.7350000E+00 -0.7020430E+01  0.2691410E+00 -0.7000947E+01  0.5140584E+00
  0.7360000E+00 -0.7105785E+01  0.1615893E+00 -0.7001507E+01  0.5113098E+00
  0.7370000E+00 -0.2336896E+02  0.1684988E+02 -0.7088568E+01  0.5159487E+00
  0.7380000E+00 -0.6888961E+01  0.1391169E+00 -0.7087512E+01  0.5132199E+00
  0.7390000E+00 -0.6844354E+01  0.1455475E+00 -0.7086232E+01  0.5105204E+00
  0.7400000E+00 -0.6844837E+01  0.1434429E+00 -0.7084968E+01  0.5078491E+00
  0.7410000E+00 -0.7663345E+01  0.7659415E+00 -0.7087981E+01  0.5052129E+00
  0.7420000E+00 -0.6735582E+01  0.1435994E+00 -0.7086155E+01  0.5025986E+00
  0.7430000E+00 -0.7062050E+01  0.1587445E+00 -0.7086031E+01  0.5000079E+00
  0.7440000E+00 -0.6741846E+01  0.1345869E+00 -0.7084266E+01  0.4974468E+00
  0.7450000E+00 -0.6634331E+01  0.1489425E+00 -0.7081970E+01  0.4949141E+00
  0.7460000E+00 -0.6843912E+01  0.2454845E+00 -0.7080762E+01  0.4924034E+00
  0.7470000E+00 -0.6852190E+01  0.1665266E+00 -0.7079607E+01  0.4899178E+00
  0.7480000E+00 -0.9252510E+01  0.2402392E+01 -0.7090526E+01  0.4875776E+00
  0.7490000E+00  0.4971861E+01  0.1181482E+02 -0.7030214E+01  0.4888557E+00
  0.7500000E+00 -0.9754255E+01  0.3141416E+01 -0.7043767E+01  0.4866114E+00
  0.7510000E+00 -0.5763446E+01  0.1230429E+01 -0.7037429E+01  0.4842437E+00
  0.7520000E+00 -0.7170570E+01  0.1524515E+00 -0.7038084E+01  0.4818587E+00
  0.7530000E+00 -0.7205332E+01  0.1859557E+00 -0.7038904E+01  0.4794973E+00
  0.7540000E+00 -0.3799902E+01  0.3650640E+01 -0.7023104E+01  0.4774186E+00
  0.7550000E+00 -0.7244975E+01  0.1720317E+00 -0.7024181E+01  0.4751022E+00
  0.7560000E+00 -0.7194735E+01  0.1429222E+00 -0.7025005E+01  0.4728078E+00
  0.7570000E+00 -0.7083132E+01  0.1448796E+00 -0.7025285E+01  0.4705347E+00
  0.7580000E+00 -0.7196408E+01  0.1558528E+00 -0.7026103E+01  0.4682841E+00
  0.7590000E+00 -0.6422486E+01  0.5998911E+00 -0.7023229E+01  0.4660630E+00
  0.7600000E+00 -0.8376450E+01  0.1125599E+01 -0.7029642E+01  0.4638983E+00
  0.7610000E+00 -0.7204561E+01  0.1582850E+00 -0.7030468E+01  0.4617108E+00
  0.7620000E+00 -0.7081645E+01  0.1429371E+00 -0.7030708E+01  0.4595432E+00
  0.7630000E+00 -0.6763601E+01  0.2809925E+00 -0.7029460E+01  0.4573975E+00
  0.7640000E+00 -0.6850748E+01  0.1517487E+00 -0.7028628E+01  0.4552708E+00
  0.7650000E+00 -0.1059003E+02  0.3113608E+01 -0.7045116E+01  0.4534616E+00
  0.7660000E+00 -0.6911745E+01  0.1406489E+00 -0.7044502E+01  0.4513723E+00
  0.7670000E+00 -0.6963826E+01  0.1850262E+00 -0.7044132E+01  0.4493019E+00
  0.7680000E+00 -0.1248383E+02  0.5898210E+01 -0.7068970E+01  0.4479364E+00
  0.7690000E+00 -0.6951853E+01  0.1417792E+00 -0.7068438E+01  0.4459006E+00
  0.7700000E+00 -0.7167312E+01  0.4407754E+00 -0.7068886E+01  0.4438832E+00
  0.7710000E+00 -0.6703357E+01  0.1309039E+00 -0.7067239E+01  0.4418868E+00
  0.7720000E+00 -0.6773120E+01  0.1376254E+00 -0.7065920E+01  0.4399072E+00
  0.7730000E+00 -0.6678492E+01  0.1708224E+00 -0.7064190E+01  0.4379467E+00
  0.7740000E+00 -0.5328029E+01  0.3081238E+02 -0.7056474E+01  0.4360683E+00
  0.7750000E+00 -0.1254835E+02  0.4624018E+01 -0.7080775E+01  0.4348153E+00
  0.7760000E+00 -0.6816894E+01  0.1467073E+00 -0.7079612E+01  0.4329014E+00
  0.7770000E+00 -0.2755119E+01  0.3961365E+01 -0.7060645E+01  0.4314180E+00
  0.7780000E+00 -0.6687952E+01  0.1457428E+00 -0.7059018E+01  0.4295371E+00
  0.7790000E+00 -0.6671392E+01  0.1667575E+00 -0.7057332E+01  0.4276729E+00
  0.7800000E+00 -0.7052556E+01  0.7122952E+01 -0.7057312E+01  0.4258215E+00
  0.7810000E+00 -0.6993420E+01  0.1470877E+00 -0.7057036E+01  0.4239861E+00
  0.7820000E+00 -0.6832748E+01  0.1480740E+00 -0.7056074E+01  0.4221676E+00
  0.7830000E+00 -0.6777892E+01  0.1306010E+00 -0.7054885E+01  0.4203651E+00
  0.7840000E+00 -0.6844543E+01  0.1448991E+00 -0.7053990E+01  0.4185773E+00
  0.7850000E+00  0.1204634E+02  0.1884089E+02 -0.6973056E+01  0.4245559E+00
  0.7860000E+00 -0.4956553E+01  0.1913295E+01 -0.6964548E+01  0.4228498E+00
  0.7870000E+00 -0.5083757E+01  0.1787910E+01 -0.6956645E+01  0.4211470E+00
  0.7880000E+00 -0.1944605E+02  0.1323466E+02 -0.7008902E+01  0.4226145E+00
  0.7890000E+00  0.6850062E+01  0.1373802E+02 -0.6951156E+01  0.4247805E+00
  0.7900000E+00 -0.6812375E+01  0.1404787E+00 -0.6950580E+01  0.4230183E+00
  0.7910000E+00 -0.6736470E+01  0.1961892E+00 -0.6949696E+01  0.4212712E+00
  0.7920000E+00 -0.1411042E+02  0.7091262E+01 -0.6979164E+01  0.4205669E+00
  0.7930000E+00 -0.4795750E+01  0.2933487E+01 -0.6970215E+01  0.4189385E+00
  0.7940000E+00 -0.6297416E+01  0.1282858E+00 -0.6967469E+01  0.4172375E+00
  0.7950000E+00 -0.5333828E+01  0.9861076E+00 -0.6960828E+01  0.4155943E+00
  0.7960000E+00  0.4596885E+01  0.1105634E+02 -0.6914036E+01  0.4165376E+00
  0.7970000E+00 -0.1802370E+02  0.1166189E+02 -0.6958833E+01  0.4172599E+00
  0.7980000E+00 -0.6484858E+01  0.1360101E+00 -0.6956930E+01  0.4155885E+00
  0.7990000E+00 -0.6411216E+01  0.1334775E+00 -0.6954747E+01  0.4139319E+00
  0.8000000E+00 -0.6229022E+01  0.1867098E+00 -0.6951855E+01  0.4122929E+00
  0.8010000E+00 -0.6497067E+01  0.1320846E+00 -0.6950051E+01  0.4106608E+00
  0.8020000E+00 -0.5077205E+01  0.1305118E+01 -0.6942648E+01  0.4091043E+00
  0.8030000E+00 -0.6327550E+01  0.1314020E+00 -0.6940226E+01  0.4075008E+00
  0.8040000E+00 -0.6319111E+01  0.1682524E+00 -0.6937791E+01  0.4059101E+00
  0.8050000E+00 -0.6255467E+01  0.1231965E+00 -0.6935125E+01  0.4043332E+00
  0.8060000E+00 -0.6198804E+01  0.1320659E+00 -0.6932260E+01  0.4027701E+00
  0.8070000E+00 -0.6364011E+01  0.1575629E+00 -0.6930058E+01  0.4012150E+00
  0.8080000E+00 -0.1854053E+02  0.1234664E+02 -0.6974886E+01  0.4021624E+00
  0.8090000E+00 -0.6130776E+01  0.1179331E+00 -0.6971639E+01  0.4006288E+00
  0.8100000E+00 -0.6334713E+01  0.1372904E+00 -0.6969199E+01  0.3991012E+00
  0.8110000E+00 -0.6250893E+01  0.1320393E+00 -0.6966457E+01  0.3975874E+00
  0.8120000E+00 -0.6391072E+01  0.1239915E+00 -0.6964270E+01  0.3960816E+00
  0.8130000E+00 -0.6400161E+01  0.1400830E+00 -0.6962133E+01  0.3945871E+00
  0.8140000E+00 -0.8686946E+01  0.2292879E+01 -0.6968642E+01  0.3931518E+00
  0.8150000E+00 -0.6318670E+01  0.1286298E+00 -0.6966198E+01  0.3916813E+00
  0.8160000E+00 -0.7079198E+01  0.7412346E+00 -0.6966621E+01  0.3902146E+00
  0.8170000E+00 -0.5898276E+01  0.4140690E+00 -0.6962635E+01  0.3887789E+00
  0.8180000E+00 -0.6336608E+01  0.1237766E+00 -0.6960308E+01  0.3873406E+00
  0.8190000E+00 -0.6621968E+01  0.1988306E+00 -0.6959055E+01  0.3859081E+00
  0.8200000E+00 -0.6418677E+01  0.1338032E+00 -0.6957061E+01  0.3844892E+00
  0.8210000E+00 -0.6298747E+01  0.1280674E+00 -0.6954640E+01  0.3830832E+00
  0.8220000E+00 -0.6291511E+01  0.1294429E+00 -0.6952211E+01  0.3816877E+00
  0.8230000E+00 -0.6213824E+01  0.1321785E+00 -0.6949516E+01  0.3803042E+00
  0.8240000E+00 -0.5666555E+01  0.5902609E+00 -0.6944851E+01  0.3789499E+00
  0.8250000E+00 -0.6477934E+01  0.2613733E+00 -0.6943159E+01  0.3775807E+00
  0.8260000E+00 -0.6350617E+01  0.2187616E+00 -0.6941020E+01  0.3762236E+00
  0.8270000E+00 -0.8621005E+01  0.2236278E+01 -0.6947063E+01  0.3749188E+00
  0.8280000E+00 -0.6220497E+01  0.1225513E+00 -0.6944459E+01  0.3735841E+00
  0.8290000E+00 -0.6130193E+01  0.1952518E+00 -0.6941551E+01  0.3722612E+00
  0.8300000E+00 -0.6369069E+01  0.1338940E+00 -0.6939514E+01  0.3709420E+00
  0.8310000E+00 -0.6245640E+01  0.1197444E+00 -0.6937053E+01  0.3696347E+00
  0.8320000E+00 -0.6163218E+01  0.1209212E+00 -0.6934319E+01  0.3683387E+00
  0.8330000E+00 -0.6171289E+01  0.1265082E+00 -0.6931632E+01  0.3670515E+00
  0.8340000E+00 -0.6344951E+01  0.1493035E+00 -0.6929574E+01  0.3657694E+00
  0.8350000E+00 -0.2824111E+02  0.2100114E+02 -0.7004089E+01  0.3720034E+00
  0.8360000E+00 -0.6052657E+01  0.4102219E+00 -0.7000774E+01  0.3707220E+00
  0.8370000E+00 -0.6789288E+01  0.3635006E+00 -0.7000040E+01  0.3694355E+00
  0.8380000E+00 -0.2072347E+01  0.4215966E+01 -0.6982989E+01  0.3685504E+00
  0.8390000E+00  0.5002179E+00  0.6968854E+01 -0.6957185E+01  0.3681818E+00
  0.8400000E+00 -0.1114862E+02  0.4617990E+01 -0.6971589E+01  0.3671982E+00
  0.8410000E+00 -0.6566729E+01  0.1367680E+00 -0.6970202E+01  0.3659433E+00
  0.8420000E+00 -0.6590916E+01  0.1454688E+00 -0.6968908E+01  0.3646966E+00
  0.8430000E+00 -0.6451695E+01  0.1344505E+00 -0.6967148E+01  0.3634604E+00
  0.8440000E+00 -0.6439149E+01  0.1418004E+00 -0.6965358E+01  0.3622327E+00
  0.8450000E+00 -0.2687794E+02  0.2117847E+02 -0.7032631E+01  0.3672026E+00
  0.8460000E+00  0.1738960E+02  0.2384049E+02 -0.6950401E+01  0.3750603E+00
  0.8470000E+00  0.1118845E+01  0.7552255E+01 -0.6923323E+01  0.3747779E+00
  0.8480000E+00 -0.6316038E+01  0.1348613E+00 -0.6921292E+01  0.3735300E+00
  0.8490000E+00 -0.6319468E+01  0.1385116E+00 -0.6919286E+01  0.3722903E+00
  0.8500000E+00 -0.1310958E+02  0.6732636E+01 -0.6939852E+01  0.3716210E+00
  0.8510000E+00 -0.1811180E+01  0.4572476E+01 -0.6922869E+01  0.3707783E+00
  0.8520000E+00 -0.6545817E+01  0.1342049E+00 -0.6921625E+01  0.3695567E+00
  0.8530000E+00 -0.6494825E+01  0.1429198E+00 -0.6920221E+01  0.3683438E+00
  0.8540000E+00 -0.6622326E+01  0.1856357E+00 -0.6919244E+01  0.3671374E+00
  0.8550000E+00 -0.1229157E+02  0.5495314E+01 -0.6936801E+01  0.3663571E+00
  0.8560000E+00 -0.6584192E+01  0.1687628E+00 -0.6935652E+01  0.3651656E+00
  0.8570000E+00 -0.2202620E+01  0.4479696E+01 -0.6920285E+01  0.3643032E+00
  0.8580000E+00 -0.3125370E+02  0.2211685E+02 -0.6999034E+01  0.3715380E+00
  0.8590000E+00 -0.6729008E+01  0.1552051E+00 -0.6998163E+01  0.3703405E+00
  0.8600000E+00 -0.6570769E+01  0.1471996E+00 -0.6996789E+01  0.3691523E+00
  0.8610000E+00 -0.5314612E+01  0.1197620E+01 -0.6991397E+01  0.3680085E+00
  0.8620000E+00 -0.6890618E+01  0.4088756E+00 -0.6991075E+01  0.3668329E+00
  0.8630000E+00 -0.6669767E+01  0.1398885E+00 -0.6990052E+01  0.3656660E+00
  0.8640000E+00 -0.8163538E+01  0.1343163E+01 -0.6993777E+01  0.3645242E+00
  0.8650000E+00 -0.6438655E+01  0.3495355E+00 -0.6992021E+01  0.3633748E+00
  0.8660000E+00 -0.1075270E+02  0.4543493E+01 -0.7003884E+01  0.3624221E+00
  0.8670000E+00 -0.6625333E+01  0.1451552E+00 -0.7002694E+01  0.3612844E+00
  0.8680000E+00 -0.1411211E+02  0.8241051E+01 -0.7024980E+01  0.3608386E+00
  0.8690000E+00 -0.7235378E+01  0.7331597E+00 -0.7025638E+01  0.3597116E+00
  0.8700000E+00 -0.6945446E+01  0.2134293E+00 -0.7025388E+01  0.3585911E+00
  0.8710000E+00 -0.6834005E+01  0.1408060E+00 -0.7024793E+01  0.3574779E+00
  0.8720000E+00 -0.6662552E+01  0.1388116E+00 -0.7023672E+01  0.3563729E+00
  0.8730000E+00 -0.6597071E+01  0.1626617E+00 -0.7022355E+01  0.3552754E+00
  0.8740000E+00  0.5851634E+01  0.1118698E+02 -0.6982743E+01  0.3563838E+00
  0.8750000E+00 -0.7101513E+01  0.1046473E+01 -0.6983107E+01  0.3552908E+00
  0.8760000E+00 -0.3441155E+01  0.4324957E+01 -0.6972276E+01  0.3543693E+00
  0.8770000E+00 -0.6453952E+01  0.1638912E+00 -0.6970695E+01  0.3532925E+00
  0.8780000E+00 -0.1399052E+02  0.8598644E+01 -0.6992032E+01  0.3528623E+00
  0.8790000E+00 -0.6632003E+01  0.1747058E+00 -0.6990941E+01  0.3517947E+00
  0.8800000E+00 -0.6710814E+01  0.1510609E+00 -0.6990095E+01  0.3507329E+00
  0.8810000E+00 -0.7176794E+01  0.5161117E+00 -0.6990657E+01  0.3496770E+00
  0.8820000E+00 -0.6545072E+01  0.1644508E+00 -0.6989319E+01  0.3486294E+00
  0.8830000E+00 -0.6886844E+01  0.1865503E+00 -0.6989012E+01  0.3475858E+00
  0.8840000E+00 -0.6998803E+01  0.2994287E+00 -0.6989042E+01  0.3465482E+00
  0.8850000E+00 -0.1801633E+02  0.1121057E+02 -0.7021861E+01  0.3470674E+00
  0.8860000E+00 -0.7836542E+01  0.1275374E+01 -0.7024278E+01  0.3460459E+00
  0.8870000E+00 -0.9004349E+01  0.2265946E+01 -0.7030137E+01  0.3450717E+00
  0.8880000E+00 -0.2170068E+02  0.1450577E+02 -0.7073413E+01  0.3467568E+00
  0.8890000E+00 -0.1117097E+02  0.4316525E+01 -0.7085464E+01  0.3459463E+00
  0.8900000E+00 -0.1719931E+02  0.9515348E+01 -0.7115124E+01  0.3462009E+00
  0.8910000E+00 -0.6775701E+01  0.1391772E+00 -0.7114131E+01  0.3451900E+00
  0.8920000E+00 -0.6118602E+01  0.6068013E+00 -0.7111229E+01  0.3441959E+00
  0.8930000E+00 -0.1039916E+02  0.3475550E+01 -0.7120787E+01  0.3433280E+00
  0.8940000E+00 -0.6787277E+01  0.1447417E+00 -0.7119820E+01  0.3423342E+00
  0.8950000E+00 -0.9142202E+01  0.4708644E+01 -0.7125665E+01  0.3413947E+00
  0.8960000E+00 -0.1101056E+02  0.3961357E+01 -0.7136861E+01  0.3405943E+00
  0.8970000E+00 -0.1160089E+02  0.9673398E+01 -0.7149688E+01  0.3398571E+00
  0.8980000E+00 -0.4369610E+01  0.2465243E+01 -0.7141722E+01  0.3389766E+00
  0.8990000E+00 -0.6774905E+01  0.1381334E+00 -0.7140674E+01  0.3380098E+00
  0.9000000E+00 -0.6711173E+01  0.1330481E+00 -0.7139451E+01  0.3370490E+00
  0.9010000E+00 -0.4117165E+01  0.2764122E+01 -0.7130865E+01  0.3362008E+00
  0.9020000E+00  0.1143789E+02  0.1829955E+02 -0.7078262E+01  0.3393386E+00
  0.9030000E+00 -0.6965796E+01  0.1483670E+00 -0.7077944E+01  0.3383802E+00
  0.9040000E+00 -0.6906639E+01  0.1479454E+00 -0.7077462E+01  0.3374273E+00
  0.9050000E+00 -0.6563916E+01  0.1844214E+00 -0.7076019E+01  0.3364826E+00
  0.9060000E+00 -0.6969396E+01  0.1512413E+00 -0.7075721E+01  0.3355402E+00
  0.9070000E+00 -0.8170827E+01  0.1203706E+01 -0.7078779E+01  0.3346169E+00
  0.9080000E+00  0.1994897E+01  0.8982909E+01 -0.7053505E+01  0.3346380E+00
  0.9090000E+00 -0.5062281E+01  0.1911416E+01 -0.7047973E+01  0.3337541E+00
  0.9100000E+00 -0.7047730E+01  0.1400072E+00 -0.7047973E+01  0.3328296E+00
  0.9110000E+00 -0.7110056E+01  0.1521451E+00 -0.7048144E+01  0.3319102E+00
  0.9120000E+00 -0.6654644E+02  0.4539847E+02 -0.7212051E+01  0.3692558E+00
  0.9130000E+00 -0.6564595E+01  0.4449312E+00 -0.7210273E+01  0.3682456E+00
  0.9140000E+00 -0.7128460E+01  0.1521804E+00 -0.7210049E+01  0.3672368E+00
  0.9150000E+00 -0.7019769E+01  0.1632779E+00 -0.7209529E+01  0.3662338E+00
  0.9160000E+00 -0.7123400E+01  0.1476923E+00 -0.7209294E+01  0.3652359E+00
  0.9170000E+00 -0.7237961E+01  0.1482809E+00 -0.7209372E+01  0.3642435E+00
  0.9180000E+00 -0.7221370E+01  0.1527445E+00 -0.7209404E+01  0.3632563E+00
  0.9190000E+00 -0.7078987E+01  0.1603768E+00 -0.7209052E+01  0.3622747E+00
  0.9200000E+00 -0.7023020E+01  0.1533091E+00 -0.7208550E+01  0.3612986E+00
  0.9210000E+00 -0.8044885E+01  0.4199387E+01 -0.7210799E+01  0.3603344E+00
  0.9220000E+00 -0.6947508E+01  0.1452215E+00 -0.7210093E+01  0.3593690E+00
  0.9230000E+00 -0.1354696E+02  0.6622083E+01 -0.7227036E+01  0.3588073E+00
  0.9240000E+00 -0.6869644E+01  0.1422434E+00 -0.7226083E+01  0.3578518E+00
  0.9250000E+00 -0.7615510E+01  0.8118509E+00 -0.7227119E+01  0.3569016E+00
  0.9260000E+00  0.5744944E+01  0.1246530E+02 -0.7192710E+01  0.3576097E+00
  0.9270000E+00 -0.6709460E+01  0.1544870E+00 -0.7191432E+01  0.3566659E+00
  0.9280000E+00 -0.4019731E+02  0.3128771E+02 -0.7278519E+01  0.3662025E+00
  0.9290000E+00 -0.6638723E+01  0.1987296E+00 -0.7276835E+01  0.3652426E+00
  0.9300000E+00 -0.6830661E+01  0.1426165E+00 -0.7275664E+01  0.3642859E+00
  0.9310000E+00 -0.6720656E+01  0.2295734E+00 -0.7274211E+01  0.3633352E+00
  0.9320000E+00 -0.4543662E+01  0.2371775E+01 -0.7267082E+01  0.3624564E+00
  0.9330000E+00 -0.4820908E+01  0.2200453E+01 -0.7260711E+01  0.3615685E+00
  0.9340000E+00  0.3698999E+01  0.8820829E+01 -0.7232245E+01  0.3617483E+00
  0.9350000E+00 -0.7272891E+01  0.1812984E+00 -0.7232350E+01  0.3608111E+00
  0.9360000E+00 -0.7400398E+01  0.1635890E+00 -0.7232784E+01  0.3598790E+00
  0.9370000E+00 -0.7201907E+01  0.1865074E+00 -0.7232705E+01  0.3589515E+00
  0.9380000E+00 -0.7397989E+01  0.1766321E+00 -0.7233129E+01  0.3580290E+00
  0.9390000E+00 -0.2387928E+02  0.1573573E+02 -0.7275812E+01  0.3596462E+00
  0.9400000E+00 -0.8564206E+01  0.1136102E+01 -0.7279107E+01  0.3587415E+00
  0.9410000E+00 -0.7744521E+01  0.3263379E+00 -0.7280294E+01  0.3578283E+00
  0.9420000E+00 -0.7430870E+01  0.1569451E+00 -0.7280677E+01  0.3569180E+00
  0.9430000E+00 -0.7245534E+01  0.1609881E+00 -0.7280588E+01  0.3560121E+00
  0.9440000E+00 -0.7433541E+01  0.1618341E+00 -0.7280975E+01  0.3551110E+00
  0.9450000E+00 -0.7109090E+01  0.1531600E+00 -0.7280541E+01  0.3542145E+00
  0.9460000E+00 -0.6156999E+01  0.1161427E+01 -0.7277711E+01  0.3533336E+00
  0.9470000E+00 -0.7385395E+01  0.1455802E+00 -0.7277982E+01  0.3524459E+00
  0.9480000E+00 -0.7298017E+01  0.1491951E+00 -0.7278032E+01  0.3515626E+00
  0.9490000E+00 -0.5604878E+01  0.1765407E+01 -0.7273849E+01  0.3507086E+00
  0.9500000E+00 -0.7385793E+01  0.1498777E+00 -0.7274128E+01  0.3498341E+00
  0.9510000E+00 -0.7777076E+01  0.3757151E+00 -0.7275380E+01  0.3489661E+00
  0.9520000E+00 -0.7411418E+01  0.1497514E+00 -0.7275717E+01  0.3481004E+00
  0.9530000E+00 -0.9585574E+01  0.2178400E+01 -0.7281435E+01  0.3472857E+00
  0.9540000E+00 -0.5647436E+01  0.1156381E+02 -0.7277400E+01  0.3464516E+00
  0.9550000E+00 -0.7369064E+01  0.1752908E+00 -0.7277626E+01  0.3455984E+00
  0.9560000E+00 -0.3254245E+01  0.4249338E+01 -0.7267740E+01  0.3448906E+00
  0.9570000E+00 -0.7633036E+01  0.1733476E+00 -0.7268636E+01  0.3440464E+00
  0.9580000E+00 -0.7450397E+01  0.1708322E+00 -0.7269080E+01  0.3432055E+00
  0.9590000E+00 -0.2008496E+02  0.1253489E+02 -0.7300338E+01  0.3437890E+00
  0.9600000E+00 -0.7425160E+01  0.1459597E+00 -0.7300642E+01  0.3429526E+00
  0.9610000E+00 -0.8745991E+01  0.1397674E+01 -0.7304150E+01  0.3421382E+00
  0.9620000E+00 -0.7413145E+01  0.1604189E+00 -0.7304414E+01  0.3413098E+00
  0.9630000E+00 -0.8337455E+01  0.1131678E+01 -0.7306909E+01  0.3404945E+00
  0.9640000E+00 -0.7204486E+01  0.1498851E+00 -0.7306662E+01  0.3396742E+00
  0.9650000E+00 -0.7215543E+01  0.1455334E+00 -0.7306443E+01  0.3388577E+00
  0.9660000E+00 -0.1574001E+02  0.8555119E+01 -0.7326668E+01  0.3386481E+00
  0.9670000E+00 -0.7049829E+01  0.1455649E+00 -0.7326006E+01  0.3378386E+00
  0.9680000E+00 -0.3213578E+02  0.2509583E+02 -0.7385217E+01  0.3421819E+00
  0.9690000E+00 -0.2049044E+02  0.1349715E+02 -0.7416420E+01  0.3427869E+00
  0.9700000E+00 -0.2736925E+01  0.4385296E+01 -0.7405305E+01  0.3421528E+00
  0.9710000E+00 -0.7178697E+01  0.1382261E+00 -0.7404768E+01  0.3413424E+00
  0.9720000E+00 -0.7209571E+01  0.1447099E+00 -0.7404307E+01  0.3405358E+00
  0.9730000E+00 -0.6987561E+01  0.1545550E+00 -0.7403324E+01  0.3397341E+00
  0.9740000E+00 -0.7349651E+01  0.1528652E+00 -0.7403198E+01  0.3389347E+00
  0.9750000E+00 -0.8257590E+01  0.1157350E+01 -0.7405203E+01  0.3381450E+00
  0.9760000E+00 -0.7054820E+01  0.1447020E+00 -0.7404383E+01  0.3373541E+00
  0.9770000E+00 -0.7258259E+01  0.1526620E+00 -0.7404041E+01  0.3365661E+00
  0.9780000E+00 -0.2845677E+01  0.4321632E+01 -0.7393416E+01  0.3359492E+00
  0.9790000E+00 -0.7077919E+01  0.1411290E+00 -0.7392682E+01  0.3351688E+00
  0.9800000E+00 -0.7086484E+01  0.1369820E+00 -0.7391971E+01  0.3343919E+00
  0.9810000E+00 -0.7202882E+01  0.1439098E+00 -0.7391534E+01  0.3336181E+00
  0.9820000E+00 -0.7299834E+01  0.1513654E+00 -0.7391322E+01  0.3328477E+00
  0.9830000E+00 -0.6171313E+01  0.1064255E+01 -0.7388511E+01  0.3320926E+00
  0.9840000E+00 -0.4962722E+01  0.2422684E+01 -0.7382934E+01  0.3313760E+00
  0.9850000E+00 -0.6366524E+01  0.7756264E+00 -0.7380603E+01  0.3306242E+00
  0.9860000E+00 -0.7152233E+01  0.1613666E+00 -0.7380081E+01  0.3298680E+00
  0.9870000E+00 -0.7130990E+01  0.1365444E+00 -0.7379512E+01  0.3291154E+00
  0.9880000E+00 -0.7113453E+01  0.1374759E+00 -0.7378906E+01  0.3283662E+00
  0.9890000E+00 -0.7087917E+01  0.1479738E+00 -0.7378244E+01  0.3276206E+00
  0.9900000E+00  0.9957048E+01  0.1695005E+02 -0.7338935E+01  0.3292275E+00
  0.9910000E+00 -0.1115814E+02  0.3868328E+01 -0.7347576E+01  0.3285960E+00
  0.9920000E+00 -0.7032594E+01  0.1570656E+00 -0.7346865E+01  0.3278550E+00
  0.9930000E+00 -0.7018990E+01  0.1341060E+00 -0.7346127E+01  0.3271174E+00
  0.9940000E+00 -0.5619195E+01  0.1469884E+01 -0.7342246E+01  0.3264053E+00
  0.9950000E+00  0.7612205E+01  0.1465849E+02 -0.7308716E+01  0.3273912E+00
  0.9960000E+00 -0.7086552E+01  0.1388617E+00 -0.7308219E+01  0.3266591E+00
  0.9970000E+00 -0.7131772E+01  0.1454313E+00 -0.7307825E+01  0.3259302E+00
  0.9980000E+00 -0.7035509E+01  0.1447724E+00 -0.7307218E+01  0.3252049E+00
  0.9990000E+00 -0.7044891E+01  0.1409276E+00 -0.7306635E+01  0.3244827E+00
  0.1000000E+01 -0.7214613E+01  0.1438797E+00 -0.7306431E+01  0.3237633E+00



  0.1000000E+01
 -0.1313625E-01
 -0.8318359E-02
 -0.8984644E-01
  0.5935842E-02
  0.2832566E-01
 -0.1662268E-01
  0.2512628E-01
  0.8747815E-02
 -0.3206536E-01
 -0.6613685E-01
 -0.6346738E-02
 -0.1240233E-01
  0.3402099E-01
 -0.1037420E+00
 -0.1090434E-01
  0.1429350E+00
 -0.1608215E-01
  0.4833856E-01
 -0.1591416E-01
  0.1056154E-01
 -0.7424890E-01
 -0.2601086E-01
 -0.3319185E-01
  0.9760239E-02
 -0.4792666E-01
 -0.4191678E-01
  0.8782787E-01
  0.4947642E-02
 -0.3634586E-01
  0.4012433E-01
  0.4211027E-01
  0.4167961E-01
 -0.5166454E-02
  0.6017073E-01
 -0.2959115E-01
 -0.1060287E-01
 -0.3519203E-01
 -0.2386400E-02
 -0.1049123E+00
  0.6749415E-01
 -0.3039716E-01
 -0.6191630E-01
  0.4581005E-01
 -0.2996341E-01
  0.4015593E-03
 -0.4710998E-05
  0.6978229E-01
 -0.4097059E-02
 -0.4103722E-01
  0.2975052E-01
  0.5282168E-02
  0.4620761E-02
  0.2158865E-01
  0.1010183E+00
 -0.1935815E-01
  0.9450933E-01
  0.9278497E-02
 -0.2508986E-01
 -0.7922502E-01
  0.2254516E-01
  0.4354781E-01
  0.2186635E-01
 -0.5107506E-03
  0.2956717E-01
 -0.5310565E-01
 -0.1238008E+00
  0.8105490E-01
 -0.3347025E-01
  0.1444581E-01
  0.2275772E-01
  0.3170690E-02
 -0.2806314E-01
 -0.2396248E-01
  0.4346860E-01
 -0.1903615E-01
  0.8664188E-02
  0.6192648E-01
 -0.3789876E-02
 -0.7034713E-02
  0.6832834E-01
  0.1811761E-01
 -0.4415421E-01
  0.2717432E-01
 -0.4908874E-01
  0.1166241E-01
 -0.9146900E-01
  0.1270450E-01
  0.4542591E-01
 -0.2766753E-01
 -0.3004271E-01
 -0.3994029E-01
 -0.1204741E-01
  0.9507231E-01
 -0.3582882E-01
 -0.1180181E-01
 -0.4595685E-01
  0.4204504E-01
  0.6230744E-02
 -0.3202903E-01
 -0.3554635E-01
  0.2856836E-01
 -0.1577842E+00
 -0.3592338E-01
  0.3805358E-01
  0.2461135E-01
 -0.6445337E-01
 -0.3174312E-02
  0.2931472E-01
 -0.1789709E-01
  0.4522437E-01
 -0.1401459E-02
 -0.3604285E-01
 -0.2404929E-01
 -0.1117737E-01
  0.4421385E-01
 -0.4941234E-01
  0.3726702E-02
 -0.2017474E-01
  0.5718453E-03
  0.2273550E-02
  0.1725143E-01
 -0.1311454E+00
  0.6171967E-02
  0.1265800E+00
  0.7936118E-01
 -0.6182714E-01
 -0.4703632E-01
  0.1561826E-01
 -0.4818599E-01
 -0.8921539E-01
  0.1400895E+00
 -0.4893404E-01
  0.6927124E-01
 -0.2312255E-01
 -0.3268700E-01
 -0.3503514E-02
 -0.2006533E-01
  0.1337281E-01
 -0.6205585E-01
  0.1542015E-02
  0.5468542E-01
 -0.3945669E-02
 -0.3081601E-02
  0.1360603E+00
 -0.4926410E-01
 -0.1170762E+00
  0.4296838E-01
  0.5259014E-01
  0.7566938E-01
 -0.5901777E-01
  0.3222008E-01
 -0.2349857E-01
 -0.6790708E-02
 -0.2052170E-01
 -0.5270989E-01
  0.3306255E-01
 -0.4220214E-01
 -0.4699740E-01
  0.1036762E-01
  0.1773857E-01
  0.6098886E-01
 -0.4611297E-01
 -0.2830306E-01
 -0.4887025E-01
 -0.3236256E-01
 -0.3036300E-01
 -0.2472384E-01
 -0.3189446E-01
 -0.4170581E-01
  0.1198393E-01
  0.4271504E-01
 -0.9561891E-02
 -0.7213855E-01
 -0.1115231E-01
  0.8478324E-01
  0.4249499E-01
  0.2039641E-01
  0.8094005E-01
 -0.1479027E-01
 -0.5665255E-01
  0.9969379E-01
 -0.3289360E-01
 -0.1797322E+00
  0.1092310E-01
  0.5183182E-01
  0.5337487E-01
 -0.6131041E-01
 -0.2844773E-01
  0.1325837E-01
 -0.5603670E-01
  0.5618991E-01
  0.2508674E-01
 -0.8624355E-01
  0.1044458E+00
  0.1592245E-01
 -0.3802785E-01
  0.6258895E-01
 -0.2469208E-01
 -0.7297082E-01
 -0.1661825E-01
  0.8015385E-01
  0.3132226E-01
  0.2625514E-01
  0.1036752E-01
  0.4799246E-01
 -0.6164604E-01
 -0.9248652E-02
  0.9229852E-01
  0.6326777E-01
 -0.3102030E-01
 -0.5958092E-01
  0.1242444E-01
  0.5915922E-01
 -0.7172327E-02
 -0.4113905E-01
  0.6129678E-01
 -0.5676896E-01
 -0.3258999E-01
 -0.3061575E-01
  0.5030754E-02
  0.1131583E+00
 -0.3640511E-01
 -0.3962322E-01
  0.2763849E-02



  0.3237633E+00
  0.3153819E+00
  0.3232391E+00
  0.3291835E+00
  0.3107999E+00
  0.2993084E+00
  0.3077942E+00
  0.3419748E+00
  0.3237049E+00
  0.3076335E+00
  0.2916268E+00
  0.3326261E+00
  0.2915439E+00
  0.3125531E+00
  0.3306639E+00
  0.2840945E+00
  0.3021844E+00
  0.3185617E+00
  0.3448302E+00
  0.3362931E+00
  0.2574510E+00
  0.2745687E+00
  0.2484247E+00
  0.2834987E+00
  0.2944498E+00
  0.2535165E+00
  0.2250584E+00
  0.2845262E+00
  0.2455318E+00
  0.3249573E+00
  0.2815947E+00
  0.2325119E+00
  0.2727734E+00
  0.2333809E+00
  0.2652650E+00
  0.2925126E+00
  0.2691197E+00
  0.2779777E+00
  0.2772733E+00
  0.2916832E+00
  0.2427067E+00
  0.2966260E+00
  0.2666244E+00
  0.2521156E+00
  0.2326223E+00
  0.2397553E+00
  0.2906807E+00
  0.2738663E+00
  0.2258768E+00
  0.2410051E+00
  0.2635120E+00
  0.2670479E+00
  0.2885615E+00
  0.2800483E+00
  0.3147144E+00
  0.2970547E+00
  0.2818050E+00
  0.2595218E+00
  0.2771293E+00
  0.3838576E+00
  0.3233628E+00
  0.2740184E+00
  0.2643330E+00
  0.2558674E+00
  0.3199690E+00
  0.3163305E+00
  0.3059238E+00
  0.2515133E+00
  0.2805711E+00
  0.3418389E+00
  0.3837481E+00
  0.3763472E+00
  0.3137493E+00
  0.2680639E+00
  0.3364163E+00
  0.4238380E+00
  0.4102984E+00
  0.3230896E+00
  0.3129937E+00
  0.2754908E+00
  0.2702185E+00
  0.3045901E+00
  0.2933569E+00
  0.3641082E+00
  0.3101078E+00
  0.2864713E+00
  0.2485670E+00
  0.2553657E+00
  0.2530357E+00
  0.2394272E+00
  0.2237325E+00
  0.2315188E+00
  0.2332440E+00
  0.2691870E+00
  0.3166734E+00
  0.2334549E+00
  0.2379901E+00
  0.2810440E+00
  0.2973901E+00
  0.3148921E+00
  0.3196101E+00
  0.2941331E+00
  0.2666414E+00
  0.2744982E+00
  0.3670895E+00
  0.3483243E+00
  0.3288573E+00
  0.3213920E+00
  0.3574607E+00
  0.3394854E+00
  0.3134773E+00
  0.2507193E+00
  0.8873080E-01
  0.9128042E-01
  0.9346978E-01
  0.1087860E+00
  0.1035533E+00
  0.9427427E-01
  0.1039954E+00
  0.8600929E-01
  0.2166539E+00
  0.1996302E+00
  0.2061235E+00
  0.2086172E+00
  0.2241823E+00
  0.1975727E+00
  0.2740197E+00
  0.2658963E+00
  0.2477482E+00
  0.2509092E+00
  0.2585913E+00
  0.2616395E+00
  0.2559566E+00
  0.2564497E+00
  0.2606050E+00
  0.2563769E+00
  0.2867074E+00
  0.3026513E+00
  0.3151102E+00
  0.3924015E+00
  0.3866995E+00
  0.4055228E+00
  0.3300477E+00
  0.3323622E+00
  0.3650763E+00
  0.3503578E+00
  0.3217568E+00
  0.2669903E+00
  0.3391071E+00
  0.3444964E+00
  0.2027169E+00
  0.2049305E+00
  0.1970769E+00
  0.2494440E+00
  0.1923373E+00
  0.1907149E+00
  0.1350132E+00
  0.1323222E+00
  0.1296923E+00
  0.1250411E+00
  0.1246828E+00
  0.1252844E+00
  0.1500195E+00
  0.7091710E-01
  0.5612352E-01
  0.5521127E-01
  0.5441814E-01
  0.3047005E-01
  0.1537776E-01
  0.2530180E-01
  0.4195947E-01
  0.4858867E-01
  0.6357078E-01
  0.7798522E-01
  0.7266507E-01
  0.6691112E-01
  0.3222992E-01
  0.3959181E-01
  0.4215372E-01
  0.6611645E-01
  0.6656525E-01
  0.1813560E+00
  0.1887578E+00
  0.1882522E+00
  0.1472272E+00
  0.1483879E+00
  0.1594732E+00
  0.9797025E-01
  0.7348246E-01
  0.1347765E+00
  0.1338147E+00
  0.1221390E+00
  0.1033755E+00
  0.1037142E+00
  0.1354437E+00
  0.1402365E+00
  0.1412988E+00
  0.1420820E+00
  0.1325511E+00
  0.1722759E+00
  0.1637749E+00
  0.1725383E+00
  0.1693813E+00
  0.1624446E+00
  0.1960341E+00
  0.1979679E+00
  0.1993363E+00
  0.1988093E+00
  0.2120628E+00
  0.2780282E+00
  0.2652539E+00
  0.2636492E+00
  0.2648082E+00
  0.2648691E+00
  0.2574247E+00
  0.2449541E+00
  0.2432512E+00
  0.2379212E+00
  0.2195859E+00
  0.2190661E+00
  0.1970640E+00
  0.1972033E+00
  0.1716825E+00
  0.1722755E+00
  0.1768907E+00
