  0.5500000E+00  0.5140270E+00  0.4533499E-02  0.5140270E+00  0.0000000E+00
  0.5510000E+00  0.5116508E+00  0.4300135E-02  0.5128389E+00  0.8401029E-03
  0.5520000E+00  0.5069618E+00  0.4473474E-02  0.5108799E+00  0.1694775E-02
  0.5530000E+00  0.5022210E+00  0.4284670E-02  0.5087151E+00  0.2264992E-02
  0.5540000E+00  0.5023926E+00  0.4396596E-02  0.5074506E+00  0.2136008E-02
  0.5550000E+00  0.5082984E+00  0.4443448E-02  0.5075919E+00  0.1784673E-02
  0.5560000E+00  0.5105680E+00  0.4479096E-02  0.5080171E+00  0.1579550E-02
  0.5570000E+00  0.5086324E+00  0.4307747E-02  0.5080940E+00  0.1383978E-02
  0.5580000E+00  0.5172382E+00  0.3975134E-02  0.5091100E+00  0.1559165E-02
  0.5590000E+00  0.5131667E+00  0.3735256E-02  0.5095157E+00  0.1455066E-02
  0.5600000E+00  0.5096456E+00  0.3962286E-02  0.5095275E+00  0.1322836E-02
  0.5610000E+00  0.5116199E+00  0.4410557E-02  0.5097019E+00  0.1224037E-02
  0.5620000E+00  0.5117564E+00  0.4444232E-02  0.5098599E+00  0.1140038E-02
  0.5630000E+00  0.5123551E+00  0.4545839E-02  0.5100381E+00  0.1072448E-02
  0.5640000E+00  0.5121397E+00  0.4361709E-02  0.5101782E+00  0.1010061E-02
  0.5650000E+00  0.5140374E+00  0.4309545E-02  0.5104194E+00  0.9753056E-03
  0.5660000E+00  0.5132295E+00  0.4350766E-02  0.5105847E+00  0.9318367E-03
  0.5670000E+00  0.5087555E+00  0.3938075E-02  0.5104831E+00  0.8855922E-03
  0.5680000E+00  0.5088776E+00  0.3740852E-02  0.5103986E+00  0.8430040E-03
  0.5690000E+00  0.5101773E+00  0.3782245E-02  0.5103875E+00  0.8009265E-03
  0.5700000E+00  0.5122456E+00  0.3797226E-02  0.5104760E+00  0.7676588E-03
  0.5710000E+00  0.5074821E+00  0.4117400E-02  0.5103399E+00  0.7447304E-03
  0.5720000E+00  0.5094704E+00  0.4007805E-02  0.5103021E+00  0.7133098E-03
  0.5730000E+00  0.5046721E+00  0.3970157E-02  0.5100675E+00  0.7211317E-03
  0.5740000E+00  0.5073180E+00  0.4004456E-02  0.5099576E+00  0.7006234E-03
  0.5750000E+00  0.5037019E+00  0.4056936E-02  0.5097170E+00  0.7137940E-03
  0.5760000E+00  0.5023043E+00  0.4032941E-02  0.5094424E+00  0.7382702E-03
  0.5770000E+00  0.5028839E+00  0.4217924E-02  0.5092082E+00  0.7481389E-03
  0.5780000E+00  0.5037535E+00  0.3922199E-02  0.5090201E+00  0.7456104E-03
  0.5790000E+00  0.5028468E+00  0.3858998E-02  0.5088143E+00  0.7486134E-03
  0.5800000E+00  0.4998200E+00  0.3851129E-02  0.5085242E+00  0.7786618E-03
  0.5810000E+00  0.5051444E+00  0.3660495E-02  0.5084186E+00  0.7614581E-03
  0.5820000E+00  0.4966504E+00  0.3919653E-02  0.5080619E+00  0.8176356E-03
  0.5830000E+00  0.4972838E+00  0.4005469E-02  0.5077449E+00  0.8528290E-03
  0.5840000E+00  0.4991397E+00  0.3927595E-02  0.5074991E+00  0.8631753E-03
  0.5850000E+00  0.5008980E+00  0.3701636E-02  0.5073157E+00  0.8584531E-03
  0.5860000E+00  0.5031361E+00  0.3795834E-02  0.5072028E+00  0.8426511E-03
  0.5870000E+00  0.4993131E+00  0.3867405E-02  0.5069951E+00  0.8456675E-03
  0.5880000E+00  0.4949782E+00  0.3879065E-02  0.5066870E+00  0.8783257E-03
  0.5890000E+00  0.4939721E+00  0.3827114E-02  0.5063691E+00  0.9120757E-03
  0.5900000E+00  0.4945565E+00  0.4368057E-02  0.5060810E+00  0.9342277E-03
  0.5910000E+00  0.4897219E+00  0.4061627E-02  0.5056915E+00  0.9898563E-03
  0.5920000E+00  0.4938253E+00  0.4217025E-02  0.5054156E+00  0.1004567E-02
  0.5930000E+00  0.4917646E+00  0.4141615E-02  0.5051053E+00  0.1028529E-02
  0.5940000E+00  0.4949322E+00  0.4634591E-02  0.5048792E+00  0.1030218E-02
  0.5950000E+00  0.4893479E+00  0.4120608E-02  0.5045416E+00  0.1061709E-02
  0.5960000E+00  0.4906455E+00  0.4256687E-02  0.5042459E+00  0.1079502E-02
  0.5970000E+00  0.4927820E+00  0.4196571E-02  0.5040071E+00  0.1083110E-02
  0.5980000E+00  0.4915855E+00  0.4156208E-02  0.5037536E+00  0.1090269E-02
  0.5990000E+00  0.4877494E+00  0.4120691E-02  0.5034335E+00  0.1114459E-02
  0.6000000E+00  0.4943359E+00  0.4120043E-02  0.5032551E+00  0.1106792E-02
  0.6010000E+00  0.4916478E+00  0.4137017E-02  0.5030319E+00  0.1107788E-02
  0.6020000E+00  0.4954223E+00  0.4116603E-02  0.5028883E+00  0.1096151E-02
  0.6030000E+00  0.4987525E+00  0.5042449E-02  0.5028118E+00  0.1078524E-02
  0.6040000E+00  0.5015814E+00  0.4659136E-02  0.5027894E+00  0.1059147E-02
  0.6050000E+00  0.4989296E+00  0.4509261E-02  0.5027205E+00  0.1042474E-02
  0.6060000E+00  0.4972006E+00  0.4310483E-02  0.5026236E+00  0.1028673E-02
  0.6070000E+00  0.4960530E+00  0.4036832E-02  0.5025103E+00  0.1017156E-02
  0.6080000E+00  0.4956055E+00  0.4021658E-02  0.5023933E+00  0.1006626E-02
  0.6090000E+00  0.5016311E+00  0.4172919E-02  0.5023806E+00  0.9899294E-03
  0.6100000E+00  0.5041545E+00  0.4192094E-02  0.5024097E+00  0.9741282E-03
  0.6110000E+00  0.4997789E+00  0.4900039E-02  0.5023672E+00  0.9593401E-03
  0.6120000E+00  0.4993350E+00  0.4211405E-02  0.5023191E+00  0.9453191E-03
  0.6130000E+00  0.5015115E+00  0.4148801E-02  0.5023065E+00  0.9306327E-03
  0.6140000E+00  0.5043846E+00  0.4020242E-02  0.5023385E+00  0.9168643E-03
  0.6150000E+00  0.5097444E+00  0.3903740E-02  0.5024507E+00  0.9098129E-03
  0.6160000E+00  0.5042714E+00  0.3819907E-02  0.5024779E+00  0.8966394E-03
  0.6170000E+00  0.5024505E+00  0.3913905E-02  0.5024775E+00  0.8834536E-03
  0.6180000E+00  0.5024660E+00  0.3857568E-02  0.5024773E+00  0.8706499E-03
  0.6190000E+00  0.5000065E+00  0.3949869E-02  0.5024420E+00  0.8589273E-03
  0.6200000E+00  0.5021213E+00  0.3859002E-02  0.5024375E+00  0.8468416E-03
  0.6210000E+00  0.5011311E+00  0.3845205E-02  0.5024193E+00  0.8352742E-03
  0.6220000E+00  0.4963875E+00  0.3890216E-02  0.5023367E+00  0.8279089E-03
  0.6230000E+00  0.4966301E+00  0.3773135E-02  0.5022596E+00  0.8203047E-03
  0.6240000E+00  0.4878944E+00  0.3898820E-02  0.5020680E+00  0.8314278E-03
  0.6250000E+00  0.4916867E+00  0.4077323E-02  0.5019314E+00  0.8316330E-03
  0.6260000E+00  0.4959208E+00  0.4058099E-02  0.5018534E+00  0.8244880E-03
  0.6270000E+00  0.4983736E+00  0.3604297E-02  0.5018088E+00  0.8151237E-03
  0.6280000E+00  0.5018100E+00  0.3745236E-02  0.5018088E+00  0.8048057E-03
  0.6290000E+00  0.4987035E+00  0.3812080E-02  0.5017700E+00  0.7956811E-03
  0.6300000E+00  0.4983924E+00  0.3829333E-02  0.5017283E+00  0.7869497E-03
  0.6310000E+00  0.4993494E+00  0.4132409E-02  0.5016993E+00  0.7778873E-03
  0.6320000E+00  0.4988691E+00  0.3861984E-02  0.5016652E+00  0.7692622E-03
  0.6330000E+00  0.4990838E+00  0.3657317E-02  0.5016344E+00  0.7607179E-03
  0.6340000E+00  0.5035082E+00  0.4667094E-02  0.5016565E+00  0.7520876E-03
  0.6350000E+00  0.4971351E+00  0.3783761E-02  0.5016039E+00  0.7451777E-03
  0.6360000E+00  0.4984669E+00  0.3583610E-02  0.5015679E+00  0.7374843E-03
  0.6370000E+00  0.5004606E+00  0.3611961E-02  0.5015553E+00  0.7292112E-03
  0.6380000E+00  0.4993345E+00  0.3639864E-02  0.5015303E+00  0.7214446E-03
  0.6390000E+00  0.4995833E+00  0.3853093E-02  0.5015087E+00  0.7137528E-03
  0.6400000E+00  0.5042729E+00  0.3803526E-02  0.5015391E+00  0.7065554E-03
  0.6410000E+00  0.5027565E+00  0.3839175E-02  0.5015523E+00  0.6989994E-03
  0.6420000E+00  0.4987439E+00  0.4971732E-02  0.5015221E+00  0.6921352E-03
  0.6430000E+00  0.5066124E+00  0.3743801E-02  0.5015762E+00  0.6868872E-03
  0.6440000E+00  0.5000262E+00  0.4059291E-02  0.5015599E+00  0.6798506E-03
  0.6450000E+00  0.4984475E+00  0.4105966E-02  0.5015275E+00  0.6735414E-03
  0.6460000E+00  0.4996628E+00  0.3824388E-02  0.5015083E+00  0.6668720E-03
  0.6470000E+00  0.5000838E+00  0.3700741E-02  0.5014937E+00  0.6602256E-03
  0.6480000E+00  0.4986667E+00  0.3627749E-02  0.5014652E+00  0.6541739E-03
  0.6490000E+00  0.4975213E+00  0.3749861E-02  0.5014258E+00  0.6488199E-03
  0.6500000E+00  0.5001031E+00  0.3728431E-02  0.5014127E+00  0.6425281E-03
  0.6510000E+00  0.4946164E+00  0.4227091E-02  0.5013460E+00  0.6396743E-03
  0.6520000E+00  0.4869109E+00  0.5094221E-02  0.5012059E+00  0.6486347E-03
  0.6530000E+00  0.4908090E+00  0.4344786E-02  0.5011059E+00  0.6500560E-03
  0.6540000E+00  0.4914793E+00  0.4483301E-02  0.5010142E+00  0.6502981E-03
  0.6550000E+00  0.4892018E+00  0.4963237E-02  0.5009028E+00  0.6536417E-03
  0.6560000E+00  0.4844642E+00  0.5296849E-02  0.5007492E+00  0.6653426E-03
  0.6570000E+00  0.4877019E+00  0.5627744E-02  0.5006284E+00  0.6700600E-03
  0.6580000E+00  0.4909295E+00  0.5450557E-02  0.5005394E+00  0.6697947E-03
  0.6590000E+00  0.4927375E+00  0.4934142E-02  0.5004684E+00  0.6674503E-03
  0.6600000E+00  0.4882714E+00  0.4441148E-02  0.5003586E+00  0.6704214E-03
  0.6610000E+00  0.4943833E+00  0.4325431E-02  0.5003052E+00  0.6665549E-03
  0.6620000E+00  0.4946040E+00  0.4416692E-02  0.5002548E+00  0.6625629E-03
  0.6630000E+00  0.4945836E+00  0.4029150E-02  0.5002050E+00  0.6586158E-03
  0.6640000E+00  0.4879847E+00  0.5075460E-02  0.5000987E+00  0.6614057E-03
  0.6650000E+00  0.4877585E+00  0.3857584E-02  0.4999924E+00  0.6642040E-03
  0.6660000E+00  0.4938130E+00  0.4555581E-02  0.4999396E+00  0.6606236E-03
  0.6670000E+00  0.4936624E+00  0.4528857E-02  0.4998864E+00  0.6571634E-03
  0.6680000E+00  0.4850428E+00  0.4741360E-02  0.4997616E+00  0.6633735E-03
  0.6690000E+00  0.4913486E+00  0.4250958E-02  0.4996915E+00  0.6615397E-03
  0.6700000E+00  0.4902009E+00  0.4262901E-02  0.4996131E+00  0.6607059E-03
  0.6710000E+00  0.4919900E+00  0.4998918E-02  0.4995506E+00  0.6582383E-03
  0.6720000E+00  0.4924019E+00  0.4335511E-02  0.4994925E+00  0.6554476E-03
  0.6730000E+00  0.4983299E+00  0.4213189E-02  0.4994831E+00  0.6502288E-03
  0.6740000E+00  0.4939603E+00  0.4112245E-02  0.4994389E+00  0.6465263E-03
  0.6750000E+00  0.4988774E+00  0.4162805E-02  0.4994345E+00  0.6414105E-03
  0.6760000E+00  0.5046330E+00  0.4658875E-02  0.4994754E+00  0.6376648E-03
  0.6770000E+00  0.4983754E+00  0.4181334E-02  0.4994668E+00  0.6327410E-03
  0.6780000E+00  0.4980447E+00  0.4219845E-02  0.4994558E+00  0.6279320E-03
  0.6790000E+00  0.4959683E+00  0.4210896E-02  0.4994289E+00  0.6236746E-03
  0.6800000E+00  0.4930078E+00  0.4653781E-02  0.4993799E+00  0.6208369E-03
  0.6810000E+00  0.4971911E+00  0.4389531E-02  0.4993633E+00  0.6163550E-03
  0.6820000E+00  0.4939000E+00  0.4007960E-02  0.4993223E+00  0.6130880E-03
  0.6830000E+00  0.4955047E+00  0.3876135E-02  0.4992938E+00  0.6091743E-03
  0.6840000E+00  0.4909027E+00  0.4094107E-02  0.4992316E+00  0.6078246E-03
  0.6850000E+00  0.4883392E+00  0.5361942E-02  0.4991515E+00  0.6086092E-03
  0.6860000E+00  0.4900808E+00  0.4957307E-02  0.4990853E+00  0.6077575E-03
  0.6870000E+00  0.4923611E+00  0.4847406E-02  0.4990366E+00  0.6053036E-03
  0.6880000E+00  0.4941911E+00  0.4336152E-02  0.4990017E+00  0.6019519E-03
  0.6890000E+00  0.4977805E+00  0.4233453E-02  0.4989930E+00  0.5977154E-03
  0.6900000E+00  0.5000453E+00  0.3971745E-02  0.4990005E+00  0.5935229E-03
  0.6910000E+00  0.4964219E+00  0.3860842E-02  0.4989823E+00  0.5896209E-03
  0.6920000E+00  0.4941875E+00  0.4035659E-02  0.4989488E+00  0.5864503E-03
  0.6930000E+00  0.4885796E+00  0.4384806E-02  0.4988768E+00  0.5867818E-03
  0.6940000E+00  0.4926514E+00  0.3952357E-02  0.4988338E+00  0.5843037E-03
  0.6950000E+00  0.4928044E+00  0.3985230E-02  0.4987925E+00  0.5817592E-03
  0.6960000E+00  0.4918883E+00  0.4105271E-02  0.4987456E+00  0.5796944E-03
  0.6970000E+00  0.4904269E+00  0.4524160E-02  0.4986894E+00  0.5784961E-03
  0.6980000E+00  0.4960204E+00  0.4321275E-02  0.4986715E+00  0.5748909E-03
  0.6990000E+00  0.4927159E+00  0.4101703E-02  0.4986318E+00  0.5724276E-03
  0.7000000E+00  0.4954298E+00  0.4376591E-02  0.4986106E+00  0.5690293E-03
  0.7010000E+00  0.5000979E+00  0.4156858E-02  0.4986203E+00  0.5653699E-03
  0.7020000E+00  0.4996283E+00  0.4097150E-02  0.4986269E+00  0.5617130E-03
  0.7030000E+00  0.4976210E+00  0.4838248E-02  0.4986204E+00  0.5581035E-03
  0.7040000E+00  0.4951998E+00  0.4063139E-02  0.4985983E+00  0.5549390E-03
  0.7050000E+00  0.4912816E+00  0.4473744E-02  0.4985514E+00  0.5533601E-03
  0.7060000E+00  0.4930736E+00  0.4313980E-02  0.4985165E+00  0.5509344E-03
  0.7070000E+00  0.4905475E+00  0.4260100E-02  0.4984661E+00  0.5497513E-03
  0.7080000E+00  0.4944385E+00  0.3948138E-02  0.4984408E+00  0.5468771E-03
  0.7090000E+00  0.4962028E+00  0.4086347E-02  0.4984268E+00  0.5436379E-03
  0.7100000E+00  0.4943532E+00  0.3834185E-02  0.4984015E+00  0.5408498E-03
  0.7110000E+00  0.4970257E+00  0.3635564E-02  0.4983930E+00  0.5375779E-03
  0.7120000E+00  0.4987870E+00  0.3596330E-02  0.4983954E+00  0.5342853E-03
  0.7130000E+00  0.4996359E+00  0.3668297E-02  0.4984030E+00  0.5310810E-03
  0.7140000E+00  0.4949361E+00  0.3679963E-02  0.4983820E+00  0.5282778E-03
  0.7150000E+00  0.4946723E+00  0.3758076E-02  0.4983596E+00  0.5255678E-03
  0.7160000E+00  0.4916802E+00  0.3636488E-02  0.4983196E+00  0.5239404E-03
  0.7170000E+00  0.4878617E+00  0.3686809E-02  0.4982574E+00  0.5245066E-03
  0.7180000E+00  0.4853386E+00  0.4146216E-02  0.4981809E+00  0.5269440E-03
  0.7190000E+00  0.4802444E+00  0.5309814E-02  0.4980754E+00  0.5343028E-03
  0.7200000E+00  0.4872573E+00  0.3784410E-02  0.4980121E+00  0.5349104E-03
  0.7210000E+00  0.4844706E+00  0.3699509E-02  0.4979334E+00  0.5375631E-03
  0.7220000E+00  0.4835203E+00  0.4010114E-02  0.4978501E+00  0.5408733E-03
  0.7230000E+00  0.4845038E+00  0.4430208E-02  0.4977734E+00  0.5431763E-03
  0.7240000E+00  0.4872351E+00  0.4150785E-02  0.4977132E+00  0.5434003E-03
  0.7250000E+00  0.4878446E+00  0.4008124E-02  0.4976571E+00  0.5431980E-03
  0.7260000E+00  0.4870984E+00  0.3857675E-02  0.4975975E+00  0.5433948E-03
  0.7270000E+00  0.4844319E+00  0.4257459E-02  0.4975235E+00  0.5453525E-03
  0.7280000E+00  0.4840360E+00  0.4207547E-02  0.4974481E+00  0.5474864E-03
  0.7290000E+00  0.4896137E+00  0.4238499E-02  0.4974046E+00  0.5461721E-03
  0.7300000E+00  0.4873207E+00  0.3904717E-02  0.4973489E+00  0.5459887E-03
  0.7310000E+00  0.4879940E+00  0.4077349E-02  0.4972975E+00  0.5454029E-03
  0.7320000E+00  0.4949930E+00  0.8054191E-02  0.4972849E+00  0.5425679E-03
  0.7330000E+00  0.4935371E+00  0.6127568E-02  0.4972645E+00  0.5400014E-03
  0.7340000E+00  0.4921506E+00  0.4283308E-02  0.4972369E+00  0.5377895E-03
  0.7350000E+00  0.4896444E+00  0.4588233E-02  0.4971961E+00  0.5364451E-03
  0.7360000E+00  0.4997160E+00  0.4947109E-02  0.4972096E+00  0.5337456E-03
  0.7370000E+00  0.4987906E+00  0.4314704E-02  0.4972180E+00  0.5309728E-03
  0.7380000E+00  0.4997431E+00  0.4071921E-02  0.4972313E+00  0.5283315E-03
  0.7390000E+00  0.5016529E+00  0.3736545E-02  0.4972546E+00  0.5260631E-03
  0.7400000E+00  0.5047465E+00  0.4269710E-02  0.4972938E+00  0.5247691E-03
  0.7410000E+00  0.5037694E+00  0.3788498E-02  0.4973275E+00  0.5231186E-03
  0.7420000E+00  0.5071636E+00  0.3995065E-02  0.4973785E+00  0.5228849E-03
  0.7430000E+00  0.5039895E+00  0.4468295E-02  0.4974126E+00  0.5212988E-03
  0.7440000E+00  0.5072382E+00  0.3820472E-02  0.4974630E+00  0.5210550E-03
  0.7450000E+00  0.5068177E+00  0.3838096E-02  0.4975107E+00  0.5205779E-03
  0.7460000E+00  0.5048466E+00  0.4191075E-02  0.4975479E+00  0.5192655E-03
  0.7470000E+00  0.5064193E+00  0.4287290E-02  0.4975927E+00  0.5185724E-03
  0.7480000E+00  0.5002452E+00  0.4455484E-02  0.4976061E+00  0.5161378E-03
  0.7490000E+00  0.4957920E+00  0.4776671E-02  0.4975970E+00  0.5136368E-03
  0.7500000E+00  0.5014351E+00  0.4635596E-02  0.4976161E+00  0.5114362E-03
  0.7510000E+00  0.5017758E+00  0.4475494E-02  0.4976367E+00  0.5093187E-03
  0.7520000E+00  0.4980521E+00  0.6427605E-02  0.4976387E+00  0.5068139E-03
  0.7530000E+00  0.4947838E+00  0.4455326E-02  0.4976247E+00  0.5045227E-03
  0.7540000E+00  0.4864499E+00  0.5494022E-02  0.4975702E+00  0.5049979E-03
  0.7550000E+00  0.4954362E+00  0.4201601E-02  0.4975599E+00  0.5026527E-03
  0.7560000E+00  0.4942749E+00  0.4478039E-02  0.4975440E+00  0.5004749E-03
  0.7570000E+00  0.4982971E+00  0.4416102E-02  0.4975476E+00  0.4980818E-03
  0.7580000E+00  0.4929458E+00  0.4485858E-02  0.4975256E+00  0.4961851E-03
  0.7590000E+00  0.4963811E+00  0.4905497E-02  0.4975202E+00  0.4938522E-03
  0.7600000E+00  0.4971493E+00  0.4209662E-02  0.4975184E+00  0.4915148E-03
  0.7610000E+00  0.4932707E+00  0.4253123E-02  0.4974984E+00  0.4896046E-03
  0.7620000E+00  0.4899578E+00  0.4295721E-02  0.4974630E+00  0.4885842E-03
  0.7630000E+00  0.4915622E+00  0.4215628E-02  0.4974354E+00  0.4870785E-03
  0.7640000E+00  0.4890691E+00  0.4528855E-02  0.4973965E+00  0.4863649E-03
  0.7650000E+00  0.4873155E+00  0.4637064E-02  0.4973498E+00  0.4863474E-03
  0.7660000E+00  0.4807300E+00  0.4553068E-02  0.4972732E+00  0.4900996E-03
  0.7670000E+00  0.4742749E+00  0.4717706E-02  0.4971677E+00  0.4990767E-03
  0.7680000E+00  0.4773597E+00  0.4975823E-02  0.4970773E+00  0.5049272E-03
  0.7690000E+00  0.4806555E+00  0.4438328E-02  0.4970026E+00  0.5081195E-03
  0.7700000E+00  0.4780091E+00  0.4177617E-02  0.4969167E+00  0.5130371E-03
  0.7710000E+00  0.4848308E+00  0.3901644E-02  0.4968622E+00  0.5136065E-03
  0.7720000E+00  0.4827145E+00  0.4201706E-02  0.4967988E+00  0.5152068E-03
  0.7730000E+00  0.4860856E+00  0.4145684E-02  0.4967510E+00  0.5151219E-03
  0.7740000E+00  0.4912683E+00  0.3852096E-02  0.4967266E+00  0.5134084E-03
  0.7750000E+00  0.4927452E+00  0.4407428E-02  0.4967090E+00  0.5114389E-03
  0.7760000E+00  0.4961156E+00  0.4069650E-02  0.4967064E+00  0.5091925E-03
  0.7770000E+00  0.4990870E+00  0.3862286E-02  0.4967168E+00  0.5070663E-03
  0.7780000E+00  0.5003426E+00  0.4951888E-02  0.4967326E+00  0.5050991E-03
  0.7790000E+00  0.5009180E+00  0.4337000E-02  0.4967508E+00  0.5032307E-03
  0.7800000E+00  0.4992700E+00  0.4180626E-02  0.4967618E+00  0.5011704E-03
  0.7810000E+00  0.4941746E+00  0.5964353E-02  0.4967506E+00  0.4991342E-03
  0.7820000E+00  0.4978045E+00  0.4394454E-02  0.4967551E+00  0.4970125E-03
  0.7830000E+00  0.4966344E+00  0.4105723E-02  0.4967546E+00  0.4948888E-03
  0.7840000E+00  0.4980016E+00  0.4555654E-02  0.4967599E+00  0.4928113E-03
  0.7850000E+00  0.4987321E+00  0.4005401E-02  0.4967683E+00  0.4907940E-03
  0.7860000E+00  0.4947072E+00  0.4272213E-02  0.4967596E+00  0.4888002E-03
  0.7870000E+00  0.4925917E+00  0.4272397E-02  0.4967421E+00  0.4870600E-03
  0.7880000E+00  0.4957644E+00  0.4558681E-02  0.4967380E+00  0.4850393E-03
  0.7890000E+00  0.4920960E+00  0.3986546E-02  0.4967186E+00  0.4834038E-03
  0.7900000E+00  0.4963202E+00  0.3739958E-02  0.4967170E+00  0.4814008E-03
  0.7910000E+00  0.4920653E+00  0.4111277E-02  0.4966978E+00  0.4797951E-03
  0.7920000E+00  0.4914356E+00  0.4318361E-02  0.4966761E+00  0.4783091E-03
  0.7930000E+00  0.4906220E+00  0.4082756E-02  0.4966513E+00  0.4769919E-03
  0.7940000E+00  0.4869582E+00  0.4008462E-02  0.4966117E+00  0.4766830E-03
  0.7950000E+00  0.4866073E+00  0.4350494E-02  0.4965711E+00  0.4764769E-03
  0.7960000E+00  0.4890968E+00  0.4076999E-02  0.4965408E+00  0.4755077E-03
  0.7970000E+00  0.4854849E+00  0.5262502E-02  0.4964962E+00  0.4756755E-03
  0.7980000E+00  0.4891828E+00  0.3985729E-02  0.4964668E+00  0.4746711E-03
  0.7990000E+00  0.4904712E+00  0.4060148E-02  0.4964429E+00  0.4733779E-03
  0.8000000E+00  0.4984836E+00  0.4089270E-02  0.4964510E+00  0.4715617E-03
  0.8010000E+00  0.5016400E+00  0.3921085E-02  0.4964716E+00  0.4701398E-03
  0.8020000E+00  0.5021960E+00  0.4124166E-02  0.4964942E+00  0.4688257E-03
  0.8030000E+00  0.4977302E+00  0.3847968E-02  0.4964991E+00  0.4670052E-03
  0.8040000E+00  0.5024748E+00  0.3995987E-02  0.4965225E+00  0.4657614E-03
  0.8050000E+00  0.5001912E+00  0.4032399E-02  0.4965368E+00  0.4641624E-03
  0.8060000E+00  0.5054747E+00  0.4014595E-02  0.4965716E+00  0.4636574E-03
  0.8070000E+00  0.5072441E+00  0.4579621E-02  0.4966130E+00  0.4637019E-03
  0.8080000E+00  0.5074146E+00  0.4047958E-02  0.4966547E+00  0.4637832E-03
  0.8090000E+00  0.5042033E+00  0.4447963E-02  0.4966837E+00  0.4629073E-03
  0.8100000E+00  0.5097276E+00  0.3859086E-02  0.4967337E+00  0.4638236E-03
  0.8110000E+00  0.5077100E+00  0.3876862E-02  0.4967756E+00  0.4639415E-03
  0.8120000E+00  0.5031835E+00  0.3828850E-02  0.4968000E+00  0.4628168E-03
  0.8130000E+00  0.5005439E+00  0.3842823E-02  0.4968141E+00  0.4612809E-03
  0.8140000E+00  0.5000875E+00  0.3846766E-02  0.4968265E+00  0.4597056E-03
  0.8150000E+00  0.4999096E+00  0.3781206E-02  0.4968381E+00  0.4581235E-03
  0.8160000E+00  0.4931980E+00  0.4150931E-02  0.4968245E+00  0.4566105E-03
  0.8170000E+00  0.4983885E+00  0.3795813E-02  0.4968303E+00  0.4549440E-03
  0.8180000E+00  0.4949283E+00  0.4228208E-02  0.4968232E+00  0.4533077E-03
  0.8190000E+00  0.4934141E+00  0.4442956E-02  0.4968106E+00  0.4518046E-03
  0.8200000E+00  0.4952195E+00  0.4318744E-02  0.4968047E+00  0.4501755E-03
  0.8210000E+00  0.4983851E+00  0.4145510E-02  0.4968105E+00  0.4485580E-03
  0.8220000E+00  0.5026059E+00  0.4022108E-02  0.4968318E+00  0.4474170E-03
  0.8230000E+00  0.5101553E+00  0.3820584E-02  0.4968804E+00  0.4484186E-03
  0.8240000E+00  0.5086712E+00  0.3972516E-02  0.4969233E+00  0.4488331E-03
  0.8250000E+00  0.5086059E+00  0.3947291E-02  0.4969656E+00  0.4491985E-03
  0.8260000E+00  0.5091907E+00  0.3526981E-02  0.4970097E+00  0.4497397E-03
  0.8270000E+00  0.5087199E+00  0.3810388E-02  0.4970518E+00  0.4500902E-03
  0.8280000E+00  0.5064647E+00  0.3668413E-02  0.4970856E+00  0.4497397E-03
  0.8290000E+00  0.5027351E+00  0.3755352E-02  0.4971058E+00  0.4485859E-03
  0.8300000E+00  0.5026315E+00  0.3896602E-02  0.4971254E+00  0.4474203E-03
  0.8310000E+00  0.5019727E+00  0.3738082E-02  0.4971426E+00  0.4461637E-03
  0.8320000E+00  0.4948055E+00  0.4449544E-02  0.4971344E+00  0.4446636E-03
  0.8330000E+00  0.5022574E+00  0.3755369E-02  0.4971524E+00  0.4434636E-03
  0.8340000E+00  0.5006498E+00  0.3748329E-02  0.4971647E+00  0.4420774E-03
  0.8350000E+00  0.5021865E+00  0.3790352E-02  0.4971822E+00  0.4408802E-03
  0.8360000E+00  0.5008902E+00  0.3775351E-02  0.4971951E+00  0.4395333E-03
  0.8370000E+00  0.4964768E+00  0.3717311E-02  0.4971927E+00  0.4380143E-03
  0.8380000E+00  0.4957509E+00  0.3535638E-02  0.4971877E+00  0.4365270E-03
  0.8390000E+00  0.4925536E+00  0.3639461E-02  0.4971717E+00  0.4353141E-03
  0.8400000E+00  0.4928990E+00  0.3823664E-02  0.4971570E+00  0.4340658E-03
  0.8410000E+00  0.4952959E+00  0.4468674E-02  0.4971506E+00  0.4326260E-03
  0.8420000E+00  0.4931840E+00  0.4202954E-02  0.4971371E+00  0.4313613E-03
  0.8430000E+00  0.4864379E+00  0.4286361E-02  0.4971007E+00  0.4314264E-03
  0.8440000E+00  0.4905405E+00  0.4378789E-02  0.4970785E+00  0.4305367E-03
  0.8450000E+00  0.4853510E+00  0.4236989E-02  0.4970388E+00  0.4309013E-03
  0.8460000E+00  0.4799992E+00  0.4938754E-02  0.4969815E+00  0.4332531E-03
  0.8470000E+00  0.4893006E+00  0.4273715E-02  0.4969557E+00  0.4325652E-03
  0.8480000E+00  0.4908691E+00  0.4423349E-02  0.4969353E+00  0.4315972E-03
  0.8490000E+00  0.4901079E+00  0.4359397E-02  0.4969126E+00  0.4307582E-03
  0.8500000E+00  0.4897237E+00  0.4290142E-02  0.4968887E+00  0.4299887E-03
  0.8510000E+00  0.4898205E+00  0.4464704E-02  0.4968653E+00  0.4292014E-03
  0.8520000E+00  0.4877672E+00  0.4420986E-02  0.4968353E+00  0.4288339E-03
  0.8530000E+00  0.4844255E+00  0.4447404E-02  0.4967944E+00  0.4293618E-03
  0.8540000E+00  0.4847595E+00  0.4468236E-02  0.4967550E+00  0.4297634E-03
  0.8550000E+00  0.4880659E+00  0.4187459E-02  0.4967266E+00  0.4292960E-03
  0.8560000E+00  0.4890247E+00  0.5408742E-02  0.4967015E+00  0.4286301E-03
  0.8570000E+00  0.4873600E+00  0.4881819E-02  0.4966712E+00  0.4283101E-03
  0.8580000E+00  0.4869300E+00  0.4323066E-02  0.4966396E+00  0.4280826E-03
  0.8590000E+00  0.4865445E+00  0.4198153E-02  0.4966071E+00  0.4279385E-03
  0.8600000E+00  0.4849368E+00  0.4451648E-02  0.4965696E+00  0.4282046E-03
  0.8610000E+00  0.4905767E+00  0.4600594E-02  0.4965503E+00  0.4272627E-03
  0.8620000E+00  0.4903361E+00  0.5068403E-02  0.4965305E+00  0.4263587E-03
  0.8630000E+00  0.4824986E+00  0.4964102E-02  0.4964858E+00  0.4273364E-03
  0.8640000E+00  0.4816658E+00  0.4614932E-02  0.4964388E+00  0.4285618E-03
  0.8650000E+00  0.4806003E+00  0.4696433E-02  0.4963886E+00  0.4301265E-03
  0.8660000E+00  0.4872983E+00  0.4351543E-02  0.4963600E+00  0.4297245E-03
  0.8670000E+00  0.4823373E+00  0.4942897E-02  0.4963159E+00  0.4306297E-03
  0.8680000E+00  0.4815678E+00  0.4447613E-02  0.4962696E+00  0.4317543E-03
  0.8690000E+00  0.4802835E+00  0.4553181E-02  0.4962197E+00  0.4332856E-03
  0.8700000E+00  0.4844524E+00  0.4405037E-02  0.4961830E+00  0.4334838E-03
  0.8710000E+00  0.4787173E+00  0.5069455E-02  0.4961288E+00  0.4355179E-03
  0.8720000E+00  0.4756894E+00  0.4950080E-02  0.4960655E+00  0.4387427E-03
  0.8730000E+00  0.4772732E+00  0.5027179E-02  0.4960075E+00  0.4412057E-03
  0.8740000E+00  0.4838406E+00  0.4643153E-02  0.4959701E+00  0.4414336E-03
  0.8750000E+00  0.4862853E+00  0.4965720E-02  0.4959403E+00  0.4410780E-03
  0.8760000E+00  0.4831357E+00  0.4743482E-02  0.4959012E+00  0.4414639E-03
  0.8770000E+00  0.4788312E+00  0.4831843E-02  0.4958491E+00  0.4431749E-03
  0.8780000E+00  0.4836132E+00  0.5035358E-02  0.4958120E+00  0.4433857E-03
  0.8790000E+00  0.4818970E+00  0.4460237E-02  0.4957698E+00  0.4440426E-03
  0.8800000E+00  0.4764160E+00  0.4555259E-02  0.4957113E+00  0.4465341E-03
  0.8810000E+00  0.4749129E+00  0.4987088E-02  0.4956487E+00  0.4495621E-03
  0.8820000E+00  0.4770447E+00  0.4508719E-02  0.4955928E+00  0.4516701E-03
  0.8830000E+00  0.4809982E+00  0.4778579E-02  0.4955491E+00  0.4524265E-03
  0.8840000E+00  0.4813608E+00  0.4577225E-02  0.4955068E+00  0.4530541E-03
  0.8850000E+00  0.4788161E+00  0.6057513E-02  0.4954571E+00  0.4544208E-03
  0.8860000E+00  0.4815345E+00  0.4583428E-02  0.4954158E+00  0.4549465E-03
  0.8870000E+00  0.4912585E+00  0.4315724E-02  0.4954035E+00  0.4537667E-03
  0.8880000E+00  0.4953076E+00  0.4252353E-02  0.4954032E+00  0.4524283E-03
  0.8890000E+00  0.4960812E+00  0.4121162E-02  0.4954052E+00  0.4511020E-03
  0.8900000E+00  0.4895372E+00  0.4260906E-02  0.4953880E+00  0.4501072E-03
  0.8910000E+00  0.4875881E+00  0.4323186E-02  0.4953652E+00  0.4493685E-03
  0.8920000E+00  0.4908237E+00  0.4509923E-02  0.4953519E+00  0.4482534E-03
  0.8930000E+00  0.4927020E+00  0.4277667E-02  0.4953442E+00  0.4470166E-03
  0.8940000E+00  0.4933345E+00  0.4258252E-02  0.4953384E+00  0.4457588E-03
  0.8950000E+00  0.4915312E+00  0.4538777E-02  0.4953274E+00  0.4446063E-03
  0.8960000E+00  0.4987560E+00  0.4086910E-02  0.4953373E+00  0.4434348E-03
  0.8970000E+00  0.5023352E+00  0.4302020E-02  0.4953574E+00  0.4426163E-03
  0.8980000E+00  0.4995646E+00  0.4178927E-02  0.4953694E+00  0.4415121E-03
  0.8990000E+00  0.4984709E+00  0.4182042E-02  0.4953783E+00  0.4403396E-03
  0.9000000E+00  0.5017885E+00  0.4481440E-02  0.4953966E+00  0.4394636E-03
  0.9010000E+00  0.5009511E+00  0.4283340E-02  0.4954123E+00  0.4384984E-03
  0.9020000E+00  0.5051071E+00  0.4398500E-02  0.4954398E+00  0.4381154E-03
  0.9030000E+00  0.5083110E+00  0.3877109E-02  0.4954762E+00  0.4383839E-03
  0.9040000E+00  0.5092384E+00  0.4364691E-02  0.4955149E+00  0.4388598E-03
  0.9050000E+00  0.5058619E+00  0.4305469E-02  0.4955440E+00  0.4385884E-03
  0.9060000E+00  0.5057829E+00  0.4103488E-02  0.4955727E+00  0.4382966E-03
  0.9070000E+00  0.5041341E+00  0.4190904E-02  0.4955966E+00  0.4377243E-03
  0.9080000E+00  0.5040771E+00  0.4175496E-02  0.4956202E+00  0.4371419E-03
  0.9090000E+00  0.5016516E+00  0.4430865E-02  0.4956370E+00  0.4362486E-03
  0.9100000E+00  0.5012792E+00  0.4662922E-02  0.4956526E+00  0.4353200E-03
  0.9110000E+00  0.4971289E+00  0.4352125E-02  0.4956567E+00  0.4341366E-03
  0.9120000E+00  0.4948019E+00  0.4311627E-02  0.4956543E+00  0.4329470E-03
  0.9130000E+00  0.4960353E+00  0.4178473E-02  0.4956554E+00  0.4317588E-03
  0.9140000E+00  0.4970339E+00  0.4363574E-02  0.4956591E+00  0.4305925E-03
  0.9150000E+00  0.4970047E+00  0.4139925E-02  0.4956628E+00  0.4294317E-03
  0.9160000E+00  0.4903821E+00  0.4591804E-02  0.4956484E+00  0.4285025E-03
  0.9170000E+00  0.4827229E+00  0.7480698E-02  0.4956133E+00  0.4287752E-03
  0.9180000E+00  0.4890446E+00  0.4539285E-02  0.4955955E+00  0.4279826E-03
  0.9190000E+00  0.4935767E+00  0.4162215E-02  0.4955901E+00  0.4268607E-03
  0.9200000E+00  0.4873235E+00  0.4165810E-02  0.4955678E+00  0.4262913E-03
  0.9210000E+00  0.4925503E+00  0.3995785E-02  0.4955597E+00  0.4252225E-03
  0.9220000E+00  0.4922786E+00  0.4036556E-02  0.4955509E+00  0.4241735E-03
  0.9230000E+00  0.4919298E+00  0.3927084E-02  0.4955412E+00  0.4231498E-03
  0.9240000E+00  0.4917958E+00  0.3914619E-02  0.4955312E+00  0.4221392E-03
  0.9250000E+00  0.4955076E+00  0.3766353E-02  0.4955311E+00  0.4210165E-03
  0.9260000E+00  0.4903897E+00  0.3950718E-02  0.4955175E+00  0.4201206E-03
  0.9270000E+00  0.4897846E+00  0.4001385E-02  0.4955023E+00  0.4192828E-03
  0.9280000E+00  0.4912610E+00  0.3985676E-02  0.4954911E+00  0.4183259E-03
  0.9290000E+00  0.4869581E+00  0.4116905E-02  0.4954687E+00  0.4178273E-03
  0.9300000E+00  0.4881786E+00  0.4291000E-02  0.4954495E+00  0.4171685E-03
  0.9310000E+00  0.4866785E+00  0.4403262E-02  0.4954266E+00  0.4167078E-03
  0.9320000E+00  0.4888932E+00  0.4681974E-02  0.4954095E+00  0.4159688E-03
  0.9330000E+00  0.4967772E+00  0.5724254E-02  0.4954131E+00  0.4149008E-03
  0.9340000E+00  0.4855294E+00  0.4885420E-02  0.4953874E+00  0.4146166E-03
  0.9350000E+00  0.4888449E+00  0.4955685E-02  0.4953705E+00  0.4138888E-03
  0.9360000E+00  0.4814628E+00  0.5779027E-02  0.4953345E+00  0.4143765E-03
  0.9370000E+00  0.4830153E+00  0.5273865E-02  0.4953028E+00  0.4145232E-03
  0.9380000E+00  0.4890872E+00  0.5593118E-02  0.4952868E+00  0.4137654E-03
  0.9390000E+00  0.4898778E+00  0.4781257E-02  0.4952729E+00  0.4129368E-03
  0.9400000E+00  0.4893265E+00  0.4976417E-02  0.4952577E+00  0.4121607E-03
  0.9410000E+00  0.4899622E+00  0.4963668E-02  0.4952442E+00  0.4113306E-03
  0.9420000E+00  0.4895004E+00  0.5137505E-02  0.4952296E+00  0.4105435E-03
  0.9430000E+00  0.4921656E+00  0.7196511E-02  0.4952218E+00  0.4095752E-03
  0.9440000E+00  0.4836843E+00  0.6983442E-02  0.4951926E+00  0.4095785E-03
  0.9450000E+00  0.4867781E+00  0.5107433E-02  0.4951714E+00  0.4090950E-03
  0.9460000E+00  0.4894523E+00  0.5071436E-02  0.4951570E+00  0.4083181E-03
  0.9470000E+00  0.4981727E+00  0.5567754E-02  0.4951645E+00  0.4073625E-03
  0.9480000E+00  0.5019334E+00  0.6581613E-02  0.4951815E+00  0.4066946E-03
  0.9490000E+00  0.4967097E+00  0.4834629E-02  0.4951853E+00  0.4056958E-03
  0.9500000E+00  0.4896916E+00  0.5155588E-02  0.4951716E+00  0.4049154E-03
  0.9510000E+00  0.4891460E+00  0.5445799E-02  0.4951566E+00  0.4041854E-03
  0.9520000E+00  0.4923638E+00  0.7544861E-02  0.4951497E+00  0.4032419E-03
  0.9530000E+00  0.4913423E+00  0.5316016E-02  0.4951403E+00  0.4023539E-03
  0.9540000E+00  0.4934509E+00  0.4500092E-02  0.4951361E+00  0.4013821E-03
  0.9550000E+00  0.4968622E+00  0.5676637E-02  0.4951404E+00  0.4004159E-03
  0.9560000E+00  0.4934153E+00  0.4752508E-02  0.4951361E+00  0.3994546E-03
  0.9570000E+00  0.4906566E+00  0.4567576E-02  0.4951251E+00  0.3986264E-03
  0.9580000E+00  0.4905333E+00  0.5209151E-02  0.4951139E+00  0.3978098E-03
  0.9590000E+00  0.4899762E+00  0.5766942E-02  0.4951014E+00  0.3970368E-03
  0.9600000E+00  0.4861884E+00  0.5065851E-02  0.4950797E+00  0.3966626E-03
  0.9610000E+00  0.4857627E+00  0.4911488E-02  0.4950571E+00  0.3963439E-03
  0.9620000E+00  0.4900976E+00  0.5733854E-02  0.4950451E+00  0.3955661E-03
  0.9630000E+00  0.4910259E+00  0.5002571E-02  0.4950354E+00  0.3947298E-03
  0.9640000E+00  0.4938792E+00  0.4805559E-02  0.4950326E+00  0.3937885E-03
  0.9650000E+00  0.4918919E+00  0.4848192E-02  0.4950250E+00  0.3929142E-03
  0.9660000E+00  0.4888448E+00  0.5021129E-02  0.4950102E+00  0.3922514E-03
  0.9670000E+00  0.4944696E+00  0.4840081E-02  0.4950089E+00  0.3913151E-03
  0.9680000E+00  0.4964459E+00  0.4761995E-02  0.4950123E+00  0.3903962E-03
  0.9690000E+00  0.4904302E+00  0.4703241E-02  0.4950014E+00  0.3896191E-03
  0.9700000E+00  0.4902395E+00  0.4780468E-02  0.4949901E+00  0.3888578E-03
  0.9710000E+00  0.4907931E+00  0.5084960E-02  0.4949802E+00  0.3880635E-03
  0.9720000E+00  0.4947991E+00  0.4840591E-02  0.4949797E+00  0.3871463E-03
  0.9730000E+00  0.4911480E+00  0.4845232E-02  0.4949707E+00  0.3863387E-03
  0.9740000E+00  0.4889781E+00  0.4581009E-02  0.4949566E+00  0.3856869E-03
  0.9750000E+00  0.4931935E+00  0.4832808E-02  0.4949525E+00  0.3848038E-03
  0.9760000E+00  0.4828867E+00  0.4896859E-02  0.4949242E+00  0.3849387E-03
  0.9770000E+00  0.4879908E+00  0.4710231E-02  0.4949080E+00  0.3843800E-03
  0.9780000E+00  0.4886463E+00  0.4815181E-02  0.4948934E+00  0.3837610E-03
  0.9790000E+00  0.4903714E+00  0.5108709E-02  0.4948829E+00  0.3830126E-03
  0.9800000E+00  0.4901788E+00  0.4686283E-02  0.4948720E+00  0.3822794E-03
  0.9810000E+00  0.4978698E+00  0.4446806E-02  0.4948789E+00  0.3814575E-03
  0.9820000E+00  0.4984185E+00  0.4580362E-02  0.4948871E+00  0.3806641E-03
  0.9830000E+00  0.5015770E+00  0.4393674E-02  0.4949025E+00  0.3800990E-03
  0.9840000E+00  0.5014685E+00  0.4455707E-02  0.4949176E+00  0.3795248E-03
  0.9850000E+00  0.5017539E+00  0.4554037E-02  0.4949333E+00  0.3789781E-03
  0.9860000E+00  0.5068443E+00  0.4387418E-02  0.4949605E+00  0.3790897E-03
  0.9870000E+00  0.5046939E+00  0.4505515E-02  0.4949828E+00  0.3788750E-03
  0.9880000E+00  0.5056310E+00  0.4490058E-02  0.4950070E+00  0.3787876E-03
  0.9890000E+00  0.5036495E+00  0.5240550E-02  0.4950267E+00  0.3784356E-03
  0.9900000E+00  0.5099133E+00  0.4693277E-02  0.4950604E+00  0.3790800E-03
  0.9910000E+00  0.5029711E+00  0.5224895E-02  0.4950783E+00  0.3786447E-03
  0.9920000E+00  0.5082446E+00  0.5304779E-02  0.4951080E+00  0.3789546E-03
  0.9930000E+00  0.5050934E+00  0.4781141E-02  0.4951305E+00  0.3787678E-03
  0.9940000E+00  0.5084043E+00  0.4830545E-02  0.4951604E+00  0.3790894E-03
  0.9950000E+00  0.5038296E+00  0.4742495E-02  0.4951798E+00  0.3787374E-03
  0.9960000E+00  0.5041026E+00  0.4780809E-02  0.4951998E+00  0.3784158E-03
  0.9970000E+00  0.4992939E+00  0.4667291E-02  0.4952089E+00  0.3776814E-03
  0.9980000E+00  0.4934927E+00  0.4848052E-02  0.4952051E+00  0.3768596E-03
  0.9990000E+00  0.4864201E+00  0.4900638E-02  0.4951856E+00  0.3765274E-03
  0.1000000E+01  0.4897300E+00  0.4594577E-02  0.4951735E+00  0.3758868E-03



  0.1000000E+01
  0.8880922E+00
  0.8138452E+00
  0.7540211E+00
  0.7060654E+00
  0.6502945E+00
  0.5956957E+00
  0.5368143E+00
  0.4940463E+00
  0.4313964E+00
  0.3783246E+00
  0.3373283E+00
  0.2983548E+00
  0.2730538E+00
  0.2397368E+00
  0.1902861E+00
  0.1507454E+00
  0.1174694E+00
  0.9150404E-01
  0.7639037E-01
  0.4534683E-01
  0.2400556E-01
  0.1998051E-01
  0.9659994E-02
 -0.8464461E-02
 -0.9739240E-02
 -0.1353794E-01
 -0.2022520E-01
 -0.4019499E-01
 -0.6009420E-01
 -0.7186879E-01
 -0.7667563E-01
 -0.8067069E-01
 -0.7549555E-01
 -0.7906368E-01
 -0.7474310E-01
 -0.9089679E-01
 -0.1014258E+00
 -0.1074421E+00
 -0.9374586E-01
 -0.8774700E-01
 -0.1003860E+00
 -0.9904603E-01
 -0.9135892E-01
 -0.7315213E-01
 -0.6155222E-01
 -0.5471657E-01
 -0.5149860E-01
 -0.4653182E-01
 -0.4093994E-01
 -0.6348072E-01
 -0.6865424E-01
 -0.8634774E-01
 -0.8171251E-01
 -0.8956151E-01
 -0.9825230E-01
 -0.1016396E+00
 -0.8832312E-01
 -0.6348335E-01
 -0.2115603E-01
  0.9532359E-02
  0.2851094E-01
  0.6604003E-01
  0.9317115E-01
  0.1089391E+00
  0.1188802E+00
  0.1166768E+00
  0.1278764E+00
  0.1333432E+00
  0.1481531E+00
  0.1585308E+00
  0.1692250E+00
  0.1683355E+00
  0.1778816E+00
  0.1811133E+00
  0.1919039E+00
  0.1975276E+00
  0.2080406E+00
  0.2146531E+00
  0.2152122E+00
  0.2112116E+00
  0.2216544E+00
  0.2128627E+00
  0.2071997E+00
  0.2047630E+00
  0.2023600E+00
  0.2005756E+00
  0.1741005E+00
  0.1659409E+00
  0.1488941E+00
  0.1321572E+00
  0.1149953E+00
  0.1124372E+00
  0.9981454E-01
  0.8294164E-01
  0.7630647E-01
  0.8779665E-01
  0.1047881E+00
  0.9534327E-01
  0.5943483E-01
  0.2408325E-01
 -0.1117077E-01
 -0.3054649E-01
 -0.6064268E-01
 -0.7258763E-01
 -0.9901841E-01
 -0.1179138E+00
 -0.1259650E+00
 -0.1287226E+00
 -0.1231603E+00
 -0.1128277E+00
 -0.9292109E-01
 -0.9544191E-01
 -0.9506175E-01
 -0.9257736E-01
 -0.8486641E-01
 -0.9408994E-01
 -0.9400360E-01
 -0.9183049E-01
 -0.9392062E-01
 -0.1023551E+00
 -0.1132656E+00
 -0.1039987E+00
 -0.8094014E-01
 -0.8021912E-01
 -0.7888219E-01
 -0.8789650E-01
 -0.1022604E+00
 -0.1048887E+00
 -0.1178009E+00
 -0.1275357E+00
 -0.1198000E+00
 -0.1286841E+00
 -0.1551415E+00
 -0.1675239E+00
 -0.1758022E+00
 -0.1787863E+00
 -0.1625863E+00
 -0.1756651E+00
 -0.1609360E+00
 -0.1578754E+00
 -0.1410119E+00
 -0.1233877E+00
 -0.1200235E+00
 -0.1001216E+00
 -0.6518749E-01
 -0.4898462E-01
 -0.4527500E-01
 -0.4941493E-01
 -0.6737540E-01
 -0.4692677E-01
 -0.5175182E-01
 -0.5485711E-01
 -0.3439554E-01
 -0.2530138E-01
 -0.5338898E-03
  0.2289808E-01
  0.6325421E-01
  0.9877255E-01
  0.1299893E+00
  0.1569009E+00
  0.1800684E+00
  0.1975499E+00
  0.2060836E+00
  0.2098584E+00
  0.1821685E+00
  0.1702723E+00
  0.1698791E+00
  0.1572159E+00
  0.1398628E+00
  0.1394892E+00
  0.1447311E+00
  0.1531466E+00
  0.1552950E+00
  0.1689877E+00
  0.1608541E+00
  0.1491679E+00
  0.1514430E+00
  0.1652850E+00
  0.1665035E+00
  0.1723565E+00
  0.1741918E+00
  0.1828847E+00
  0.1872609E+00
  0.1757911E+00
  0.1906345E+00
  0.2029237E+00
  0.1866874E+00
  0.1799441E+00
  0.1672689E+00
  0.1697606E+00
  0.1489716E+00
  0.1403037E+00
  0.1274583E+00
  0.1160242E+00
  0.1014621E+00
  0.8303341E-01
  0.6449045E-01
  0.4083330E-01
  0.3684271E-01
  0.2904217E-01
  0.3569941E-01
  0.2538498E-01
  0.1749518E-01
  0.3268917E-01
  0.4242605E-01
  0.6060956E-01
  0.8799980E-01
  0.8766269E-01
  0.6242995E-01
  0.5603904E-01
  0.4568386E-01
  0.5397383E-01
  0.4542913E-01
  0.6847739E-02
 -0.4977472E-02
 -0.2451873E-01
 -0.4185811E-01
 -0.5026397E-01
 -0.6280308E-01
 -0.5334296E-01
 -0.4170207E-01
 -0.6427481E-01
 -0.6936655E-01
 -0.7109601E-01



  0.3758868E-03
  0.5183895E-03
  0.6204278E-03
  0.7078424E-03
  0.7708073E-03
  0.8463222E-03
  0.9067150E-03
  0.9683191E-03
  0.9955885E-03
  0.1021309E-02
  0.1048059E-02
  0.1141571E-02
  0.1146280E-02
  0.1213649E-02
  0.1200679E-02
  0.1237592E-02
  0.1253016E-02
  0.1283868E-02
  0.1301413E-02
  0.1284507E-02
  0.1350243E-02
  0.1236155E-02
  0.1378255E-02
  0.1413788E-02
  0.1348694E-02
  0.1490357E-02
  0.1389284E-02
  0.1446492E-02
  0.1464132E-02
  0.1366073E-02
  0.1579565E-02
  0.1466001E-02
  0.1474386E-02
  0.1471795E-02
  0.1553506E-02
  0.1575811E-02
  0.1522262E-02
  0.1619369E-02
  0.1432157E-02
  0.1348932E-02
  0.1495655E-02
  0.1769387E-02
  0.1624423E-02
  0.1393788E-02
  0.1278209E-02
  0.1442423E-02
  0.1577047E-02
  0.1737662E-02
  0.1680277E-02
  0.1579041E-02
  0.1563201E-02
  0.1425300E-02
  0.1341816E-02
  0.1312318E-02
  0.1329909E-02
  0.1531411E-02
  0.1825332E-02
  0.1801651E-02
  0.1684287E-02
  0.1551958E-02
  0.1504268E-02
  0.1465191E-02
  0.1334182E-02
  0.1231965E-02
  0.1415918E-02
  0.1469173E-02
  0.1521025E-02
  0.1544867E-02
  0.1639515E-02
  0.1689926E-02
  0.1683257E-02
  0.1708046E-02
  0.1675430E-02
  0.1617713E-02
  0.1559534E-02
  0.1776428E-02
  0.1728476E-02
  0.1717305E-02
  0.1674289E-02
  0.1603070E-02
  0.1555446E-02
  0.1540175E-02
  0.1535879E-02
  0.1529002E-02
  0.1537824E-02
  0.1561790E-02
  0.1573284E-02
  0.1564739E-02
  0.1518677E-02
  0.1502106E-02
  0.1835241E-02
  0.1924346E-02
  0.2022428E-02
  0.2079451E-02
  0.2115963E-02
  0.2141709E-02
  0.2167935E-02
  0.2151980E-02
  0.2114700E-02
  0.2060495E-02
  0.2043974E-02
  0.1989215E-02
  0.1964080E-02
  0.1923690E-02
  0.1874573E-02
  0.1824885E-02
  0.1783260E-02
  0.1724682E-02
  0.1650806E-02
  0.1576584E-02
  0.1514135E-02
  0.1501027E-02
  0.1982582E-02
  0.1980370E-02
  0.1954680E-02
  0.1905094E-02
  0.1866472E-02
  0.1809301E-02
  0.1714002E-02
  0.1656502E-02
  0.1616949E-02
  0.1587252E-02
  0.1590929E-02
  0.1602281E-02
  0.1596507E-02
  0.1605339E-02
  0.1644046E-02
  0.1658186E-02
  0.1698679E-02
  0.1732517E-02
  0.1760864E-02
  0.1800902E-02
  0.1789103E-02
  0.1793332E-02
  0.1780955E-02
  0.1763956E-02
  0.1800568E-02
  0.1853907E-02
  0.1903619E-02
  0.1934844E-02
  0.1971216E-02
  0.1992630E-02
  0.2045952E-02
  0.2049185E-02
  0.2000294E-02
  0.1931879E-02
  0.1837497E-02
  0.1741594E-02
  0.1646124E-02
  0.1626407E-02
  0.1234088E-02
  0.1291105E-02
  0.1343744E-02
  0.1378311E-02
  0.1408025E-02
  0.1414976E-02
  0.1435942E-02
  0.1468987E-02
  0.1502533E-02
  0.1560659E-02
  0.1607043E-02
  0.1686796E-02
  0.1735984E-02
  0.1805821E-02
  0.1847078E-02
  0.1916919E-02
  0.1959040E-02
  0.1980096E-02
  0.1963953E-02
  0.1888137E-02
  0.1871698E-02
  0.1830837E-02
  0.1783825E-02
  0.1708382E-02
  0.1651011E-02
  0.1587291E-02
  0.1499979E-02
  0.1399715E-02
  0.1309245E-02
  0.1249918E-02
  0.1196588E-02
  0.1161167E-02
  0.1146992E-02
  0.1167600E-02
  0.1164499E-02
  0.1157126E-02
  0.1179721E-02
  0.1192774E-02
  0.1222589E-02
  0.1262836E-02
  0.1320337E-02
  0.1353729E-02
  0.1419905E-02
  0.1491863E-02
  0.1548598E-02
  0.1602653E-02
  0.1644818E-02
  0.1712179E-02
  0.1726432E-02
  0.1705321E-02
  0.1739110E-02
  0.1765235E-02
  0.1766625E-02
  0.1767490E-02
  0.1745744E-02
  0.1769744E-02
  0.1773878E-02
  0.1783747E-02
  0.1779572E-02
  0.1781008E-02
  0.1794795E-02
  0.1787321E-02
  0.1775185E-02
  0.1787123E-02
  0.1777364E-02
  0.1747174E-02
  0.1676337E-02
  0.1579979E-02
  0.1481036E-02
  0.1397214E-02
  0.1299918E-02
  0.1224505E-02
  0.1144807E-02
  0.1090412E-02
  0.1089688E-02
