  0.1250000E-02 -0.2960569E+03  0.5487250E+01 -0.2960569E+03  0.0000000E+00
  0.2500000E-02 -0.3309346E+03  0.5217674E+01 -0.3134957E+03  0.1233114E+02
  0.3750000E-02 -0.3379687E+03  0.6047179E+01 -0.3216534E+03  0.1058044E+02
  0.5000000E-02 -0.3649703E+03  0.5403041E+01 -0.3324826E+03  0.1228509E+02
  0.6250000E-02 -0.3547664E+03  0.5591654E+01 -0.3369394E+03  0.1060571E+02
  0.7500000E-02 -0.3522870E+03  0.5571727E+01 -0.3394973E+03  0.9141359E+01
  0.8750000E-02 -0.3333266E+03  0.6451810E+01 -0.3386158E+03  0.7877841E+01
  0.1000000E-01 -0.3293133E+03  0.6133706E+01 -0.3374530E+03  0.6978401E+01
  0.1125000E-01 -0.3593418E+03  0.5931714E+01 -0.3398851E+03  0.6613272E+01
  0.1250000E-01 -0.3713032E+03  0.5682975E+01 -0.3430269E+03  0.6656540E+01
  0.1375000E-01 -0.3930376E+03  0.5581877E+01 -0.3475733E+03  0.7443815E+01
  0.1500000E-01 -0.3770289E+03  0.5110195E+01 -0.3500279E+03  0.7216871E+01
  0.1625000E-01 -0.3713020E+03  0.5289472E+01 -0.3516644E+03  0.6844751E+01
  0.1750000E-01 -0.3427128E+03  0.5217618E+01 -0.3510250E+03  0.6385635E+01
  0.1875000E-01 -0.3372565E+03  0.6758864E+01 -0.3501071E+03  0.6025537E+01
  0.2000000E-01 -0.3329954E+03  0.6076613E+01 -0.3490376E+03  0.5743069E+01
  0.2125000E-01 -0.3600264E+03  0.5493769E+01 -0.3496840E+03  0.5441497E+01
  0.2250000E-01 -0.3476121E+03  0.5344647E+01 -0.3495689E+03  0.5140409E+01
  0.2375000E-01 -0.3423220E+03  0.5025429E+01 -0.3491875E+03  0.4883991E+01
  0.2500000E-01 -0.3328069E+03  0.5080557E+01 -0.3483685E+03  0.4707965E+01
  0.2625000E-01 -0.3452406E+03  0.5295244E+01 -0.3482195E+03  0.4486132E+01
  0.2750000E-01 -0.3376122E+03  0.5175355E+01 -0.3477374E+03  0.4308048E+01
  0.2875000E-01 -0.3530893E+03  0.5336296E+01 -0.3479700E+03  0.4127021E+01
  0.3000000E-01 -0.3650380E+03  0.5586443E+01 -0.3486812E+03  0.4015868E+01
  0.3125000E-01 -0.3580446E+03  0.5683922E+01 -0.3490557E+03  0.3872660E+01



  0.1000000E+01
  0.5877446E+00
  0.1654253E+00
 -0.3981838E+00
 -0.3095777E+00
 -0.1301579E+00
  0.2362368E+00
  0.2325426E+00
 -0.2099720E+00
 -0.5695574E+00
 -0.7642046E+00
 -0.4976839E+00



  0.3872660E+01
  0.5091229E+01
  0.5547347E+01
  0.5327723E+01
  0.4101777E+01
  0.3812056E+01
  0.6282269E+01
  0.5468801E+01
  0.6847510E+01
  0.3777069E+01
  0.1160050E+00
  0.9522740E+00
