           0  0.12832733980549740       0.12711249373278305     
           0  0.12832642042539175       0.12711249373278305     
           0  0.12832534223144976       0.12711249373278305     
           0  0.12832412499918611       0.12711249373278305     
           0  0.12832276285975108       0.12711249373278305     
           0  0.12832147506041755       0.12711249373278305     
           0  0.12831987582981183       0.12711249373278305     
           0  0.12831829466442607       0.12711249373278305     
           0  0.12831691965881054       0.12711249373278305     
           0  0.12831573235592078       0.12711249373278305     
           0  0.12831438067203976       0.12711249373278305     
           0  0.12831312558743047       0.12711249373278305     
           0  0.12831187645880152       0.12711249373278305     
           0  0.12831058973261630       0.12711249373278305     
           0  0.12830987503348371       0.12711249373278305     
           0  0.12830931092149955       0.12711249373278305     
           0  0.12830880688533688       0.12711249373278305     
           0  0.12830823835263352       0.12711249373278305     
           0  0.12830756978682670       0.12711249373278305     
           0  0.12830682492659454       0.12711249373278305     
           0  0.12830607178811798       0.12711249373278305     
           0  0.12830519199682791       0.12711249373278305     
           0  0.12830444195528612       0.12711249373278305     
           0  0.12830397842066621       0.12711249373278305     
           0  0.12830354451235337       0.12711249373278305     
           0  0.12830325471698592       0.12711249373278305     
           0  0.12830327831658295       0.12711249373278305     
           0  0.12830343430538788       0.12711249373278305     
           0  0.12830358485368645       0.12711249373278305     
           0  0.12830358190641897       0.12711249373278305     
           0  0.12830350921298173       0.12711249373278305     
           0  0.12830333034497399       0.12711249373278305     
           0  0.12830312547020398       0.12711249373278305     
           0  0.12830281870434379       0.12711249373278305     
           0  0.12830237982399995       0.12711249373278305     
           0  0.12830174173957190       0.12711249373278305     
           0  0.12830146211765645       0.12711249373278305     
           0  0.12830115321064819       0.12711249373278305     
           0  0.12830109522139926       0.12711249373278305     
           0  0.12830078764937033       0.12711249373278305     
           0  0.12830039585301728       0.12711249373278305     
           0  0.12829959802015234       0.12711249373278305     
           0  0.12829837146186762       0.12711249373278305     
           0  0.12829717364747958       0.12711249373278305     
           0  0.12829559336286980       0.12711249373278305     
           0  0.12829376195610553       0.12711249373278305     
           0  0.12829191288306410       0.12711249373278305     
           0  0.12829034191578348       0.12711249373278305     
           0  0.12828886047744859       0.12711249373278305     
           0  0.12828739458658894       0.12711249373278305     
           0  0.12828600576106045       0.12711249373278305     
           0  0.12828456686212253       0.12711249373278305     
           0  0.12828340061493526       0.12711249373278305     
           0  0.12828200034837603       0.12711249373278305     
           0  0.12828052285201039       0.12711249373278305     
           0  0.12827896396238150       0.12711249373278305     
           0  0.12827752247544627       0.12711249373278305     
           0  0.12827614122790856       0.12711249373278305     
           0  0.12827476155331874       0.12711249373278305     
           0  0.12827326927389149       0.12711249373278305     
           0  0.12827177432335268       0.12711249373278305     
           0  0.12827034243533605       0.12711249373278305     
           0  0.12826945464351064       0.12711249373278305     
           0  0.12826838388247841       0.12711249373278305     
           0  0.12826708815341784       0.12711249373278305     
           0  0.12826549629630665       0.12711249373278305     
           0  0.12826387805535333       0.12711249373278305     
           0  0.12826234151283633       0.12711249373278305     
           0  0.12826095511683733       0.12711249373278305     
           0  0.12825985589439975       0.12711249373278305     
           0  0.12825895605223081       0.12711249373278305     
           0  0.12825817674008796       0.12711249373278305     
           0  0.12825720789423237       0.12711249373278305     
           0  0.12825593239890659       0.12711249373278305     
           0  0.12825464955562668       0.12711249373278305     
           0  0.12825335354572409       0.12711249373278305     
           0  0.12825233606644654       0.12711249373278305     
           0  0.12825148565051639       0.12711249373278305     
           0  0.12825072552742767       0.12711249373278305     
           0  0.12824994420452410       0.12711249373278305     
           0  0.12824947012186175       0.12711249373278305     
           0  0.12824910867727968       0.12711249373278305     
           0  0.12824890302545874       0.12711249373278305     
           0  0.12824857650417693       0.12711249373278305     
           0  0.12824823669898724       0.12711249373278305     
           0  0.12824802479576128       0.12711249373278305     
           0  0.12824790092706112       0.12711249373278305     
           0  0.12824761750102601       0.12711249373278305     
           0  0.12824753301204908       0.12711249373278305     
           0  0.12824759172185282       0.12711249373278305     
           0  0.12824770225214119       0.12711249373278305     
           0  0.12824752281529803       0.12711249373278305     
           0  0.12824741900030084       0.12711249373278305     
           0  0.12824720745353291       0.12711249373278305     
           0  0.12824701479836823       0.12711249373278305     
           0  0.12824705085321342       0.12711249373278305     
           0  0.12824712314145228       0.12711249373278305     
           0  0.12824720846162604       0.12711249373278305     
           0  0.12824722642188111       0.12711249373278305     
           0  0.12824704955580837       0.12711249373278305     
           0  0.12824703320560973       0.12711249373278305     
           0  0.12824714545746893       0.12711249373278305     
           0  0.12824697318894021       0.12711249373278305     
           0  0.12824707384359532       0.12711249373278305     
           0  0.12824703213824987       0.12711249373278305     
           0  0.12824676379716737       0.12711249373278305     
           0  0.12824624650483799       0.12711249373278305     
           0  0.12824592526829140       0.12711249373278305     
           0  0.12824554963801554       0.12711249373278305     
           0  0.12824519969642581       0.12711249373278305     
           0  0.12824473225070401       0.12711249373278305     
           0  0.12824432116788911       0.12711249373278305     
           0  0.12824387812131680       0.12711249373278305     
           0  0.12824314735340142       0.12711249373278305     
           0  0.12824251681671089       0.12711249373278305     
           0  0.12824201232121615       0.12711249373278305     
           0  0.12824152170302108       0.12711249373278305     
           0  0.12824106131507670       0.12711249373278305     
           0  0.12824050047344207       0.12711249373278305     
           0  0.12824007593597270       0.12711249373278305     
           0  0.12823972816109130       0.12711249373278305     
           0  0.12823941577621689       0.12711249373278305     
           0  0.12823911224899218       0.12711249373278305     
           0  0.12823909807909770       0.12711249373278305     
           0  0.12823884699171548       0.12711249373278305     
           0  0.12823855522067756       0.12711249373278305     
           0  0.12823839044043817       0.12711249373278305     
           0  0.12823841788600951       0.12711249373278305     
           0  0.12823889053841483       0.12711249373278305     
           0  0.12823898822229191       0.12711249373278305     
           0  0.12823916817020020       0.12711249373278305     
           0  0.12823908233815692       0.12711249373278305     
           0  0.12823894894842636       0.12711249373278305     
           0  0.12823863618090056       0.12711249373278305     
           0  0.12823867731301991       0.12711249373278305     
           0  0.12823881364883397       0.12711249373278305     
           0  0.12823888047917251       0.12711249373278305     
           0  0.12823885289414244       0.12711249373278305     
           0  0.12823885786120681       0.12711249373278305     
           0  0.12823887060706726       0.12711249373278305     
           0  0.12823877625059338       0.12711249373278305     
           0  0.12823862431813443       0.12711249373278305     
           0  0.12823847574774416       0.12711249373278305     
           0  0.12823800785670222       0.12711249373278305     
           0  0.12823762282362564       0.12711249373278305     
           0  0.12823706696625972       0.12711249373278305     
           0  0.12823648626078690       0.12711249373278305     
           0  0.12823621446731431       0.12711249373278305     
           0  0.12823595822670508       0.12711249373278305     
           0  0.12823561341650863       0.12711249373278305     
           0  0.12823540757388796       0.12711249373278305     
           0  0.12823529683466564       0.12711249373278305     
           0  0.12823504723079154       0.12711249373278305     
           0  0.12823496417040839       0.12711249373278305     
           0  0.12823492260593433       0.12711249373278305     
           0  0.12823512846484408       0.12711249373278305     
           0  0.12823531137193803       0.12711249373278305     
           0  0.12823521860620490       0.12711249373278305     
           0  0.12823526566356436       0.12711249373278305     
           0  0.12823528081893162       0.12711249373278305     
           0  0.12823522355140463       0.12711249373278305     
           0  0.12823512580315685       0.12711249373278305     
           0  0.12823518924811844       0.12711249373278305     
           0  0.12823531448850942       0.12711249373278305     
           0  0.12823568683308359       0.12711249373278305     
           0  0.12823603525381466       0.12711249373278305     
           0  0.12823613987067931       0.12711249373278305     
           0  0.12823630630070160       0.12711249373278305     
           0  0.12823652291957363       0.12711249373278305     
           0  0.12823690893712053       0.12711249373278305     
           0  0.12823774395806431       0.12711249373278305     
           0  0.12823857867984620       0.12711249373278305     
           0  0.12823944845502822       0.12711249373278305     
           0  0.12823999535699646       0.12711249373278305     
           0  0.12824060468955722       0.12711249373278305     
           0  0.12824148903695956       0.12711249373278305     
           0  0.12824201848378178       0.12711249373278305     
           0  0.12824260464174592       0.12711249373278305     
           0  0.12824307247078195       0.12711249373278305     
           0  0.12824369418394144       0.12711249373278305     
           0  0.12824417546572231       0.12711249373278305     
           0  0.12824472619863864       0.12711249373278305     
           0  0.12824519587623151       0.12711249373278305     
           0  0.12824563388786728       0.12711249373278305     
           0  0.12824592950635053       0.12711249373278305     
           0  0.12824631309184953       0.12711249373278305     
           0  0.12824655078634975       0.12711249373278305     
           0  0.12824677867573861       0.12711249373278305     
           0  0.12824691068766444       0.12711249373278305     
           0  0.12824701766900776       0.12711249373278305     
           0  0.12824724063247603       0.12711249373278305     
           0  0.12824728532786930       0.12711249373278305     
           0  0.12824753795650815       0.12711249373278305     
           0  0.12824769285638865       0.12711249373278305     
           0  0.12824778424677116       0.12711249373278305     
           0  0.12824770133370444       0.12711249373278305     
           0  0.12824775325436735       0.12711249373278305     
           0  0.12824753578554529       0.12711249373278305     
           0  0.12824738139030226       0.12711249373278305     
           0  0.12824733128576590       0.12711249373278305     
           0  0.12824737005468603       0.12711249373278305     
           0  0.12824767418412700       0.12711249373278305     
           0  0.12824816039873538       0.12711249373278305     
           0  0.12824870147013748       0.12711249373278305     
           0  0.12824928727737739       0.12711249373278305     
           0  0.12825008517162592       0.12711249373278305     
           0  0.12825106008938331       0.12711249373278305     
           0  0.12825193176069419       0.12711249373278305     
           0  0.12825230077282751       0.12711249373278305     
           0  0.12825277611188118       0.12711249373278305     
           0  0.12825316755554650       0.12711249373278305     
           0  0.12825350569581151       0.12711249373278305     
           0  0.12825374916772841       0.12711249373278305     
           0  0.12825382898232157       0.12711249373278305     
           0  0.12825386823051221       0.12711249373278305     
           0  0.12825425340149188       0.12711249373278305     
           0  0.12825457862509720       0.12711249373278305     
           0  0.12825478515653116       0.12711249373278305     
           0  0.12825499068286644       0.12711249373278305     
           0  0.12825497367627345       0.12711249373278305     
           0  0.12825469506140574       0.12711249373278305     
           0  0.12825450944835801       0.12711249373278305     
           0  0.12825450758302337       0.12711249373278305     
           0  0.12825458182175781       0.12711249373278305     
           0  0.12825496262059607       0.12711249373278305     
           0  0.12825525853595415       0.12711249373278305     
           0  0.12825530701132234       0.12711249373278305     
           0  0.12825541510547392       0.12711249373278305     
           0  0.12825550281025880       0.12711249373278305     
           0  0.12825568804297593       0.12711249373278305     
           0  0.12825565912878051       0.12711249373278305     
           0  0.12825560948820949       0.12711249373278305     
           0  0.12825556216023654       0.12711249373278305     
           0  0.12825567570713575       0.12711249373278305     
           0  0.12825575581434234       0.12711249373278305     
           0  0.12825566005324124       0.12711249373278305     
           0  0.12825554123340424       0.12711249373278305     
           0  0.12825543812400245       0.12711249373278305     
           0  0.12825514656114728       0.12711249373278305     
           0  0.12825494347848135       0.12711249373278305     
           0  0.12825458896554051       0.12711249373278305     
           0  0.12825440752307174       0.12711249373278305     
           0  0.12825440797065540       0.12711249373278305     
           0  0.12825468097437751       0.12711249373278305     
           0  0.12825518623139262       0.12711249373278305     
           0  0.12825550689139684       0.12711249373278305     
           0  0.12825589342664653       0.12711249373278305     
           0  0.12825630316729311       0.12711249373278305     
           0  0.12825668854631170       0.12711249373278305     
           0  0.12825726481055916       0.12711249373278305     
           0  0.12825770807758058       0.12711249373278305     
           0  0.12825806966261288       0.12711249373278305     
           0  0.12825829950145101       0.12711249373278305     
           0  0.12825864424191250       0.12711249373278305     
           0  0.12825889036671836       0.12711249373278305     
           0  0.12825917941141660       0.12711249373278305     
           0  0.12825943956681604       0.12711249373278305     
           0  0.12825950157263685       0.12711249373278305     
           0  0.12825925515311620       0.12711249373278305     
           0  0.12825934619509813       0.12711249373278305     
           0  0.12825946855685899       0.12711249373278305     
           0  0.12825967035930480       0.12711249373278305     
           0  0.12825963729697712       0.12711249373278305     
           0  0.12825955701701938       0.12711249373278305     
           0  0.12825929445911119       0.12711249373278305     
           0  0.12825907669761547       0.12711249373278305     
           0  0.12825906152586697       0.12711249373278305     
           0  0.12825928655695229       0.12711249373278305     
           0  0.12825940857349963       0.12711249373278305     
           0  0.12825964135854834       0.12711249373278305     
           0  0.12825995092100009       0.12711249373278305     
           0  0.12826007109940699       0.12711249373278305     
           0  0.12826028722048496       0.12711249373278305     
           0  0.12826035561347968       0.12711249373278305     
           0  0.12826040338485473       0.12711249373278305     
           0  0.12826021353714287       0.12711249373278305     
           0  0.12825995636068679       0.12711249373278305     
           0  0.12825959164093839       0.12711249373278305     
           0  0.12825903391728455       0.12711249373278305     
           0  0.12825845238338821       0.12711249373278305     
           0  0.12825828095020228       0.12711249373278305     
           0  0.12825803827941795       0.12711249373278305     
           0  0.12825783289055584       0.12711249373278305     
           0  0.12825747120590170       0.12711249373278305     
           0  0.12825698414290621       0.12711249373278305     
           0  0.12825652709067059       0.12711249373278305     
           0  0.12825599947154243       0.12711249373278305     
           0  0.12825549819405019       0.12711249373278305     
           0  0.12825466031381899       0.12711249373278305     
           0  0.12825368438379461       0.12711249373278305     
           0  0.12825270815093828       0.12711249373278305     
           0  0.12825171044822350       0.12711249373278305     
           0  0.12825058822160018       0.12711249373278305     
           0  0.12824937639981865       0.12711249373278305     
           0  0.12824822102276154       0.12711249373278305     
           0  0.12824713919464442       0.12711249373278305     
           0  0.12824602315240169       0.12711249373278305     
           0  0.12824490983577880       0.12711249373278305     
           0  0.12824410267953432       0.12711249373278305     
           0  0.12824322683584166       0.12711249373278305     
           0  0.12824250462234321       0.12711249373278305     
           0  0.12824153835778790       0.12711249373278305     
           0  0.12824082600778075       0.12711249373278305     
           0  0.12824018534575460       0.12711249373278305     
           0  0.12823957049850707       0.12711249373278305     
           0  0.12823916138233685       0.12711249373278305     
           0  0.12823886926784456       0.12711249373278305     
           0  0.12823858269446312       0.12711249373278305     
           0  0.12823852087165233       0.12711249373278305     
           0  0.12823855612966936       0.12711249373278305     
           0  0.12823858277297509       0.12711249373278305     
           0  0.12823863876617833       0.12711249373278305     
           0  0.12823864824529960       0.12711249373278305     
           0  0.12823859016264205       0.12711249373278305     
           0  0.12823853279322500       0.12711249373278305     
           0  0.12823845428094563       0.12711249373278305     
           0  0.12823830504989139       0.12711249373278305     
           0  0.12823789027458571       0.12711249373278305     
           0  0.12823737083960976       0.12711249373278305     
           0  0.12823720896736387       0.12711249373278305     
           0  0.12823670674788507       0.12711249373278305     
           0  0.12823645442796364       0.12711249373278305     
           0  0.12823609483917420       0.12711249373278305     
           0  0.12823550755039601       0.12711249373278305     
           0  0.12823499468731933       0.12711249373278305     
           0  0.12823448001419024       0.12711249373278305     
           0  0.12823386281267687       0.12711249373278305     
           0  0.12823323403790879       0.12711249373278305     
           0  0.12823225547387104       0.12711249373278305     
           0  0.12823129272042835       0.12711249373278305     
           0  0.12823054402865022       0.12711249373278305     
           0  0.12823027485236366       0.12711249373278305     
           0  0.12823009909438582       0.12711249373278305     
           0  0.12822989946542934       0.12711249373278305     
           0  0.12822960958288440       0.12711249373278305     
           0  0.12822954534695463       0.12711249373278305     
           0  0.12822913430712046       0.12711249373278305     
           0  0.12822874363218231       0.12711249373278305     
           0  0.12822843587497829       0.12711249373278305     
           0  0.12822824297562971       0.12711249373278305     
           0  0.12822801270003356       0.12711249373278305     
           0  0.12822763737731233       0.12711249373278305     
           0  0.12822725489903058       0.12711249373278305     
           0  0.12822677331155902       0.12711249373278305     
           0  0.12822621658967154       0.12711249373278305     
           0  0.12822554290053889       0.12711249373278305     
           0  0.12822529121050055       0.12711249373278305     
           0  0.12822510698629383       0.12711249373278305     
           0  0.12822520975674062       0.12711249373278305     
           0  0.12822516883975479       0.12711249373278305     
           0  0.12822508566078328       0.12711249373278305     
           0  0.12822514456575190       0.12711249373278305     
           0  0.12822508798201745       0.12711249373278305     
           0  0.12822496683733525       0.12711249373278305     
           0  0.12822474871350706       0.12711249373278305     
           0  0.12822465037448105       0.12711249373278305     
           0  0.12822452452597938       0.12711249373278305     
           0  0.12822430379336278       0.12711249373278305     
           0  0.12822419306051522       0.12711249373278305     
           0  0.12822420258126926       0.12711249373278305     
           0  0.12822427404847928       0.12711249373278305     
           0  0.12822435209257638       0.12711249373278305     
           0  0.12822411519018481       0.12711249373278305     
           0  0.12822418805913607       0.12711249373278305     
           0  0.12822444945452455       0.12711249373278305     
           0  0.12822465723326207       0.12711249373278305     
           0  0.12822459406550749       0.12711249373278305     
           0  0.12822450702093585       0.12711249373278305     
           0  0.12822453770134007       0.12711249373278305     
           0  0.12822440169324359       0.12711249373278305     
           0  0.12822408447463277       0.12711249373278305     
           0  0.12822357973852613       0.12711249373278305     
           0  0.12822298743886365       0.12711249373278305     
           0  0.12822216159506761       0.12711249373278305     
           0  0.12822133342285821       0.12711249373278305     
           0  0.12822067595411921       0.12711249373278305     
           0  0.12822010595304098       0.12711249373278305     
           0  0.12821954843867783       0.12711249373278305     
           0  0.12821882831024611       0.12711249373278305     
           0  0.12821769317238477       0.12711249373278305     
           0  0.12821635349319849       0.12711249373278305     
           0  0.12821505643537787       0.12711249373278305     
           0  0.12821375720060318       0.12711249373278305     
           0  0.12821247502198277       0.12711249373278305     
           0  0.12821102848693308       0.12711249373278305     
           0  0.12820955640793918       0.12711249373278305     
           0  0.12820802827608890       0.12711249373278305     
           0  0.12820632407035024       0.12711249373278305     
           0  0.12820467536671351       0.12711249373278305     
           0  0.12820290634787049       0.12711249373278305     
           0  0.12820108775220374       0.12711249373278305     
           0  0.12819934996154952       0.12711249373278305     
           0  0.12819768408467550       0.12711249373278305     
           0  0.12819608701391791       0.12711249373278305     
           0  0.12819432126056338       0.12711249373278305     
           0  0.12819236840952605       0.12711249373278305     
           0  0.12819049718735923       0.12711249373278305     
           0  0.12818876540416152       0.12711249373278305     
           0  0.12818700353365528       0.12711249373278305     
           0  0.12818558546524536       0.12711249373278305     
           0  0.12818412595813672       0.12711249373278305     
           0  0.12818264377975144       0.12711249373278305     
           0  0.12818128490053879       0.12711249373278305     
           0  0.12818000668612706       0.12711249373278305     
           0  0.12817882768131544       0.12711249373278305     
           0  0.12817775391444397       0.12711249373278305     
           0  0.12817682919285500       0.12711249373278305     
           0  0.12817611737179674       0.12711249373278305     
           0  0.12817544471711642       0.12711249373278305     
           0  0.12817477815774869       0.12711249373278305     
           0  0.12817411435074913       0.12711249373278305     
           0  0.12817353392835543       0.12711249373278305     
           0  0.12817306376558438       0.12711249373278305     
           0  0.12817257535606708       0.12711249373278305     
           0  0.12817201243866563       0.12711249373278305     
           0  0.12817193300781005       0.12711249373278305     
           0  0.12817160122007351       0.12711249373278305     
           0  0.12817131018497624       0.12711249373278305     
           0  0.12817088547995137       0.12711249373278305     
           0  0.12817045498325441       0.12711249373278305     
           0  0.12817023849508696       0.12711249373278305     
           0  0.12816995606481518       0.12711249373278305     
           0  0.12816968408630611       0.12711249373278305     
           0  0.12816937198015682       0.12711249373278305     
           0  0.12816879495862729       0.12711249373278305     
           0  0.12816805620482713       0.12711249373278305     
           0  0.12816735907747814       0.12711249373278305     
           0  0.12816701594419569       0.12711249373278305     
           0  0.12816688714014166       0.12711249373278305     
           0  0.12816684443619686       0.12711249373278305     
           0  0.12816665620074538       0.12711249373278305     
           0  0.12816649675606734       0.12711249373278305     
           0  0.12816676557125178       0.12711249373278305     
           0  0.12816702289816251       0.12711249373278305     
           0  0.12816707430601978       0.12711249373278305     
           0  0.12816720709479812       0.12711249373278305     
           0  0.12816744535320782       0.12711249373278305     
           0  0.12816773395772446       0.12711249373278305     
           0  0.12816793354032380       0.12711249373278305     
           0  0.12816802111755085       0.12711249373278305     
           0  0.12816814434095070       0.12711249373278305     
           0  0.12816825633592860       0.12711249373278305     
           0  0.12816828683148049       0.12711249373278305     
           0  0.12816832566678713       0.12711249373278305     
           0  0.12816848161901395       0.12711249373278305     
           0  0.12816878891973305       0.12711249373278305     
           0  0.12816887003890243       0.12711249373278305     
