#energy
#density, Elin, dElin, Eip, dEip, Eipip, dEipip
#alpha energy 16Enp-12En
0.00025  -23.5    0.5   -24.66   0.13
0.0005   -22.3    0.3   -23.8    0.2   -24.2    0.2
0.00075  -22.3    0.2   -22.1    0.3   -22.1    0.3 
0.001    -20.7    0.3   -23.0    0.2   -23.2    0.3
0.0015   -21.3    0.2   -23.2    0.2   -22.1    0.3
0.002    -21.6    0.2   -22.6    0.2   -23.5    0.2
0.0025   -23.5    0.2   -22.7    0.5   -23.2    0.5
0.003    -25.7    0.3   -23.5    0.5   -25.26   0.18
0.004    -27.6    0.5   -23.7    0.2   -26.9    0.6
0.005    -27.5    0.5   -22.4    0.3   -27.9    0.2
0.007    -30.9    0.2   -28.5    0.3   -32.0    1.0
0.01     -37.3    0.3   -34.7    0.3   -37.6    0.7

#En
0.00025  0.349    0.002 0.287    0.003
0.0005   0.499    0.005 0.493    0.007 0.468    0.002
0.00075  0.644    0.006 0.632    0.006 0.632    0.006
0.001    0.742    0.005 0.751    0.007 0.744    0.003
0.0015   0.964    0.003 0.964    0.004 0.964    0.04
0.002    1.125    0.004 1.124    0.007 1.130    0.003
0.0025   1.293    0.008 1.286    0.005 1.320    0.007
0.003    1.464    0.004 1.442    0.003 1.456    0.003
0.004    1.737    0.005 1.729    0.005 1.712    0.007
0.005    1.968    0.006 1.969    0.006 1.978    0.005
0.007    2.421    0.005 2.425    0.005 2.425    0.005
0.01     2.990    0.009 3.013    0.011 3.013    0.011

#Enp
0.00025  -1.21    0.03  -1.326   0.008
0.0005   -1.022   0.02  -1.118   0.011 -1.160   0.013
0.00075  -0.910   0.010 -0.91    0.02  -0.91    0.02
0.001    -0.74    0.02  -0.873   0.011 -0.89    0.02
0.0015   -0.606   0.012 -0.728   0.013 -0.72    0.05
0.002    -0.508   0.013 -0.571   0.14  -0.62    0.02
0.0025   -0.498   0.008 -0.457   0.03  -0.457   0.03
0.003    -0.51    0.02  -0.39    0.03  -0.487   0.011
0.004    -0.42    0.03  -0.187   0.012 -0.40    0.04
0.005    -0.24    0.03  0.074    0.017 -0.260   0.012
0.007    -0.117   0.013 0.04     0.02  -0.18    0.06
0.01     -0.09    0.02  0.09     0.02  -0.09    0.04

#Some of the ipopt calculations were the same as the op calculations those are
0.00075  14n and 14n2p
0.0015   14n
0.0025   14n2p
0.007    14n
