#vt
#density, Elin, dElin, Eip, dEip, Eipip, dEipip
#alpha energy 16Enp-12En
0.0005   -5.72    0.11     -6.69    0.10     -6.61    0.08
0.001    -5.03    0.10     -6.20    0.10     -6.12    0.11
0.002    -4.81    0.10     -5.73    0.08     -6.0     0.2
0.003    -5.26    0.05     -6.6     0.2      -6.23    0.11
0.005    -5.30    0.10     -6.19    0.07     -6.23    0.07
0.01     -5.65    0.07     -6.54    0.07     -6.50    0.10

#En
0.0005   0.0233   0.0011   0.0241   0.0011   0.0283   0.0014
0.001    0.0394   0.0010   0.039    0.002    0.042    0.002
0.002    0.0650   0.0010   0.0658   0.0013   0.0624   0.0012
0.003    0.0837   0.0010   0.0876   0.0013   0.086    0.002
0.005    0.112    0.002    0.1120   0.0015   0.114    0.002
0.01     0.168    0.003    0.176    0.002    0.176    0.002

#Enp
0.0005   -0.340   0.007    -0.400   0.006    -0.392   0.005
0.001    -0.285   0.006    -0.358   0.006    -0.351   0.007
0.002    -0.252   0.006    -0.309   0.005    -0.331   0.010
0.003    -0.266   0.003    -0.346   0.015    -0.325   0.007
0.005    -0.240   0.006    -0.303   0.004    -0.304   0.004
0.01     -0.227   0.004    -0.277   0.004    -0.274   0.006
